function mpc = powergrid
mpc.version = '2';
mpc.baseMVA = 100;
mpc.bus = [
	1	1	300.558181	107.345753	0	-400	1	1.006228	14.140350	130	1	1.100000	0.900000;
	2	1	102.720016	72.452756	0	0	1	1.022407	18.100478	130	1	1.100000	0.900000;
	3	1	670.024432	179.837346	0	0	1	0.972506	9.718397	130	1	1.100000	0.900000;
	4	1	178.559350	116.935919	0	0	1	1.017568	11.342732	130	1	1.100000	0.900000;
	5	1	33.236440	16.682957	0	0	1	1.020825	-5.505274	130	1	1.100000	0.900000;
	6	1	289.350251	85.790397	0	0	1	0.975421	-8.180308	130	1	1.100000	0.900000;
	7	1	278.601398	-87.448187	0	0	1	1.026084	-4.235211	130	1	1.100000	0.900000;
	8	1	289.550265	39.699574	0	0	1	1.028472	-5.267349	130	1	1.100000	0.900000;
	9	1	72.638791	29.378854	0	0	1	1.023058	-7.016988	130	1	1.100000	0.900000;
	10	1	44.629085	23.613176	0	0	1	1.044249	5.114584	220	1	1.100000	0.900000;
	11	1	478.574724	233.753658	0	0	1	0.979875	7.475745	220	1	1.100000	0.900000;
	12	1	758.376840	265.456203	0	-400	1	0.955023	23.760909	400	1	1.100000	0.900000;
	13	1	122.929171	-76.379922	0	0	1	1.002434	31.697954	400	1	1.100000	0.900000;
	14	1	9.219755	1.012675	0	0	1	1.051997	-2.369673	400	1	1.100000	0.900000;
	15	1	542.771434	397.072986	0	0	1	1.017257	-2.297252	400	1	1.100000	0.900000;
	16	1	118.801428	85.168300	0	0	1	1.016374	-3.561197	400	1	1.100000	0.900000;
	17	1	262.310921	100.178807	0	0	1	1.007572	-3.698733	400	1	1.100000	0.900000;
	18	1	126.455759	61.638598	0	0	1	1.006603	-1.741662	400	1	1.100000	0.900000;
	19	1	648.471632	381.347232	0	0	1	0.979877	-9.814527	400	1	1.100000	0.900000;
	20	1	519.497302	326.909279	0	0	1	0.942044	-13.579207	400	1	1.100000	0.900000;
	21	1	683.665775	316.665294	0	0	1	0.967874	-12.789594	400	1	1.100000	0.900000;
	22	1	543.896409	122.816157	0	0	1	0.981542	-10.716503	400	1	1.100000	0.900000;
	23	1	0	0	0	-100	1	0.931999	17.233840	400	1	1.100000	0.900000;
	24	1	0	0	0	0	1	0.987750	12.808627	130	1	1.100000	0.900000;
	25	1	0	0	0	0	1	1.004383	24.385543	130	1	1.100000	0.900000;
	26	1	0	0	0	0	1	0.940615	16.417768	400	1	1.100000	0.900000;
	27	1	0	0	0	0	1	1.032368	4.731446	400	1	1.100000	0.900000;
	28	1	0	0	0	0	1	0.971569	11.075085	400	1	1.100000	0.900000;
	29	1	0	0	0	0	1	1.029674	2.679512	400	1	1.100000	0.900000;
	30	1	0	0	0	0	1	0.936766	-7.245254	400	1	1.100000	0.900000;
	31	1	0	0	0	0	1	1.014543	4.944099	400	1	1.100000	0.900000;
	32	1	0	0	0	0	1	1.024811	-8.857055	400	1	1.100000	0.900000;
	33	1	0	0	0	0	1	1.024811	-8.857055	400	1	1.100000	0.900000;
	34	1	0	0	0	0	1	0.984756	-5.728949	400	1	1.100000	0.900000;
	35	1	0	0	0	0	1	0.992275	-8.748356	400	1	1.100000	0.900000;
	36	1	0	0	0	0	1	1.031435	-4.492002	400	1	1.100000	0.900000;
	37	1	0	0	0	0	1	1.025425	-6.915454	400	1	1.100000	0.900000;
	38	2	0	0	0	0	1	1	23.572701	15	1	1.100000	0.900000;
	39	2	0	0	0	0	1	1	13.200755	15	1	1.100000	0.900000;
	40	2	0	0	0	0	1	0	12.808627	15	1	1.100000	0.900000;
	41	2	0	0	0	0	1	1	27.631758	15	1	1.100000	0.900000;
	42	2	0	0	0	0	1	0	11.342732	15	1	1.100000	0.900000;
	43	2	0	0	0	0	1	1	-2.443622	15	1	1.100000	0.900000;
	44	2	0	0	0	0	1	1	11.891054	15	1	1.100000	0.900000;
	45	2	0	0	0	0	1	1	13.186247	15	1	1.100000	0.900000;
	46	2	0	0	0	0	1	1	22.367483	15	1	1.100000	0.900000;
	47	2	0	0	0	0	1	0	17.233840	15	1	1.100000	0.900000;
	48	2	0	0	0	0	1	0	4.731446	15	1	1.100000	0.900000;
	49	2	0	0	0	0	1	1	16.894795	15	1	1.100000	0.900000;
	50	2	0	0	0	0	1	0	-2.369673	15	1	1.100000	0.900000;
	51	2	0	0	0	0	1	1	3.202871	15	1	1.100000	0.900000;
	52	3	0	0	0	0	1	1	0	15	1	1.000000	1.000000;
	53	2	0	0	0	0	1	1	3.816746	15	1	1.100000	0.900000;
	54	2	0	0	0	0	1	0	-9.814527	15	1	1.100000	0.900000;
	55	2	0	0	0	0	1	1	-5.105019	15	1	1.100000	0.900000;
	56	2	0	0	0	0	1	1	-7.008022	15	1	1.100000	0.900000;
	57	2	0	0	0	0	1	1	-5.015709	15	1	1.100000	0.900000;
	58	2	0	0	0	0	1	1	-5.015709	15	1	1.100000	0.900000;
	59	2	0	0	0	0	1	1	29.620547	15	1	1.100000	0.900000;
	60	2	0	0	0	0	1	1	33.666104	15	1	1.100000	0.900000;
	61	2	0	0	0	0	1	0	-5.505274	15	1	1.100000	0.900000;
];
mpc.gen = [
	52	0	0	1840.000000	-540.000000	1	1	1	2800.000000	10.000000	0	0	0	0	0	0	0	0	0	0	0;
	38	520.000000	0	720.000000	-720.000000	1	100	1	720.000000	10.000000	0	0	0	0	0	0	0	0	0	0	0;
	39	236.284643	0	540.000000	-540.000000	1	100	1	540.000000	10.000000	0	0	0	0	0	0	0	0	0	0	0;
	40	0	0	630.000000	-630.000000	0	100	0	630.000000	10.000000	0	0	0	0	0	0	0	0	0	0	0;
	41	227.500000	0	540.000000	-540.000000	1	100	1	540.000000	10.000000	0	0	0	0	0	0	0	0	0	0	0;
	42	0	0	325.000000	-225.000000	0	100	0	475.000000	10.000000	0	0	0	0	0	0	0	0	0	0	0;
	43	260.000000	0	560.000000	-360.000000	1	100	1	560.000000	10.000000	0	0	0	0	0	0	0	0	0	0	0;
	44	380.000000	0	360.000000	-280.000000	1	100	1	380.000000	10.000000	0	0	0	0	0	0	0	0	0	0	0;
	45	552.500000	0	965.000000	-765.000000	1	100	1	965.000000	10.000000	0	0	0	0	0	0	0	0	0	0	0;
	46	650.000000	0	900.000000	-900.000000	1	100	1	900.000000	10.000000	0	0	0	0	0	0	0	0	0	0	0;
	47	0	0	720.000000	-720.000000	0	100	0	720.000000	10.000000	0	0	0	0	0	0	0	0	0	0	0;
	48	0	0	570.000000	-370.000000	0	100	0	570.000000	10.000000	0	0	0	0	0	0	0	0	0	0	0;
	49	490.191564	0	515.000000	-415.000000	1	100	1	575.000000	10.000000	0	0	0	0	0	0	0	0	0	0	0;
	50	0	0	570.000000	-570.000000	0	100	0	0.000000	-0.000000	0	0	0	0	0	0	0	0	0	0	0;
	51	455.000000	0	630.000000	-630.000000	1	100	1	630.000000	10.000000	0	0	0	0	0	0	0	0	0	0	0;
	53	390.000000	0	580.000000	-540.000000	1	100	1	540.000000	10.000000	0	0	0	0	0	0	0	0	0	0	0;
	54	0	0	630.000000	-630.000000	0	100	0	630.000000	10.000000	0	0	0	0	0	0	0	0	0	0	0;
	55	375.433985	0	630.000000	-630.000000	1	100	1	630.000000	10.000000	0	0	0	0	0	0	0	0	0	0	0;
	56	390.000000	0	540.000000	-540.000000	1	100	1	540.000000	10.000000	0	0	0	0	0	0	0	0	0	0	0;
	57	390.000000	0	540.000000	-540.000000	1	100	1	540.000000	10.000000	0	0	0	0	0	0	0	0	0	0	0;
	58	390.000000	0	540.000000	-540.000000	1	100	1	540.000000	10.000000	0	0	0	0	0	0	0	0	0	0	0;
	59	325.000000	0	520.000000	-450.000000	1	100	1	560.000000	10.000000	0	0	0	0	0	0	0	0	0	0	0;
	60	1032.929170	0	4000.000000	-2050.000000	1	100	1	4500.000000	10.000000	0	0	0	0	0	0	0	0	0	0	0;
	61	0	0	250.000000	-250.000000	0	100	0	0.000000	-0.000000	0	0	0	0	0	0	0	0	0	0	0;
];
