function mpc = powergrid
mpc.version = '2';
mpc.baseMVA = 100;
mpc.bus = [
	1	1	112.501789	62.852684	0	-400	1	1.029349	12.553067	130	1	1.100000	0.900000;
	2	1	71.643151	30.084859	0	0	1	1.022902	14.872775	130	1	1.100000	0.900000;
	3	1	243.867668	49.203870	0	0	1	1.004605	17.310037	130	1	1.100000	0.900000;
	4	1	132.952835	90.150186	0	0	1	1.038752	3.696710	130	1	1.100000	0.900000;
	5	1	59.064563	23.461681	0	0	1	1.005517	-9.512245	130	1	1.100000	0.900000;
	6	1	62.072822	24.831571	0	0	1	1.000917	-4.623939	130	1	1.100000	0.900000;
	7	1	2.277468	1.398567	0	0	1	1.002945	-5.516422	130	1	1.100000	0.900000;
	8	1	359.294851	214.226950	0	0	1	1.006545	-10.568155	130	1	1.100000	0.900000;
	9	1	100.299818	32.898017	0	0	1	1.030477	-11.485252	130	1	1.100000	0.900000;
	10	1	81.009654	40.694302	0	0	1	1.039630	-0.221367	220	1	1.100000	0.900000;
	11	1	42.503408	5.781484	0	0	1	1.011546	8.044162	220	1	1.100000	0.900000;
	12	1	367.653824	159.071344	0	-400	1	0.976019	9.417548	400	1	1.100000	0.900000;
	13	1	147.498984	91.475034	0	0	1	1.005083	7.939701	400	1	1.100000	0.900000;
	14	1	636.891406	281.801501	0	0	1	1.026784	-12.401545	400	1	1.100000	0.900000;
	15	1	745.119258	134.623913	0	0	1	1.019457	-9.325171	400	1	1.100000	0.900000;
	16	1	292.088371	215.304521	0	0	1	0.997569	-9.953268	400	1	1.100000	0.900000;
	17	1	203.826678	95.512576	0	0	1	0.986151	-9.628881	400	1	1.100000	0.900000;
	18	1	437.120756	306.464154	0	0	1	0.980256	-7.389203	400	1	1.100000	0.900000;
	19	1	346.628069	28.853726	0	0	1	1.026829	-10.235560	400	1	1.100000	0.900000;
	20	1	106.490679	52.991307	0	0	1	1.031600	-21.075162	400	1	1.100000	0.900000;
	21	1	966.967160	-282.358795	0	0	1	1.034973	-23.661332	400	1	1.100000	0.900000;
	22	1	711.962491	318.329141	0	0	1	0.998087	-22.885909	400	1	1.100000	0.900000;
	23	1	0	0	0	-100	1	0.930578	12.884229	400	1	1.100000	0.900000;
	24	1	0	0	0	0	1	1.009060	20.626337	130	1	1.100000	0.900000;
	25	1	0	0	0	0	1	1.041905	3.670622	130	1	1.100000	0.900000;
	26	1	0	0	0	0	1	0.960789	12.073024	400	1	1.100000	0.900000;
	27	1	0	0	0	0	1	1.034994	-1.250932	400	1	1.100000	0.900000;
	28	1	0	0	0	0	1	0.979929	4.536038	400	1	1.100000	0.900000;
	29	1	0	0	0	0	1	1.026061	-3.825617	400	1	1.100000	0.900000;
	30	1	0	0	0	0	1	0.942797	-14.916792	400	1	1.100000	0.900000;
	31	1	0	0	0	0	1	1.009223	-1.703114	400	1	1.100000	0.900000;
	32	1	0	0	0	0	1	1.007485	-22.060176	400	1	1.100000	0.900000;
	33	1	0	0	0	0	1	1.007485	-22.060176	400	1	1.100000	0.900000;
	34	1	0	0	0	0	1	0.992464	-12.987441	400	1	1.100000	0.900000;
	35	1	0	0	0	0	1	0.975130	-14.354500	400	1	1.100000	0.900000;
	36	1	0	0	0	0	1	1.019971	-10.370922	400	1	1.100000	0.900000;
	37	1	0	0	0	0	1	1.035161	-11.460466	400	1	1.100000	0.900000;
	38	2	0	0	0	0	1	1	18.194635	15	1	1.100000	0.900000;
	39	2	0	0	0	0	1	1	20.789310	15	1	1.100000	0.900000;
	40	2	0	0	0	0	1	1	26.171279	15	1	1.100000	0.900000;
	41	2	0	0	0	0	1	0	3.670622	15	1	1.100000	0.900000;
	42	2	0	0	0	0	1	0	3.696710	15	1	1.100000	0.900000;
	43	2	0	0	0	0	1	1	-0.886323	15	1	1.100000	0.900000;
	44	2	0	0	0	0	1	1	8.996242	15	1	1.100000	0.900000;
	45	2	0	0	0	0	1	1	11.720091	15	1	1.100000	0.900000;
	46	2	0	0	0	0	1	1	17.897371	15	1	1.100000	0.900000;
	47	2	0	0	0	0	1	0	12.884229	15	1	1.100000	0.900000;
	48	2	0	0	0	0	1	0	-1.250932	15	1	1.100000	0.900000;
	49	2	0	0	0	0	1	1	10.633958	15	1	1.100000	0.900000;
	50	2	0	0	0	0	1	0	-12.401545	15	1	1.100000	0.900000;
	51	2	0	0	0	0	1	1	-3.836953	15	1	1.100000	0.900000;
	52	3	0	0	0	0	1	1	0	15	1	1.000000	1.000000;
	53	2	0	0	0	0	1	1	-1.680909	15	1	1.100000	0.900000;
	54	2	0	0	0	0	1	1	-4.786866	15	1	1.100000	0.900000;
	55	2	0	0	0	0	1	0	-10.235560	15	1	1.100000	0.900000;
	56	2	0	0	0	0	1	1	-18.255746	15	1	1.100000	0.900000;
	57	2	0	0	0	0	1	1	-17.279920	15	1	1.100000	0.900000;
	58	2	0	0	0	0	1	1	-17.279920	15	1	1.100000	0.900000;
	59	2	0	0	0	0	1	1	15.150706	15	1	1.100000	0.900000;
	60	2	0	0	0	0	1	0	7.939701	15	1	1.100000	0.900000;
	61	2	0	0	0	0	1	0	-9.512245	15	1	1.100000	0.900000;
];
mpc.gen = [
	52	0	0	1840.000000	-540.000000	1	1	1	2800.000000	10.000000	0	0	0	0	0	0	0	0	0	0	0;
	38	316.117269	0	720.000000	-720.000000	1	100	1	720.000000	10.000000	0	0	0	0	0	0	0	0	0	0	0;
	39	243.867669	0	540.000000	-540.000000	1	100	1	540.000000	10.000000	0	0	0	0	0	0	0	0	0	0	0;
	40	455.000000	0	630.000000	-630.000000	1	100	1	630.000000	10.000000	0	0	0	0	0	0	0	0	0	0	0;
	41	0	0	540.000000	-540.000000	0	100	0	540.000000	10.000000	0	0	0	0	0	0	0	0	0	0	0;
	42	0	0	325.000000	-225.000000	0	100	0	475.000000	10.000000	0	0	0	0	0	0	0	0	0	0	0;
	43	173.992575	0	560.000000	-360.000000	1	100	1	560.000000	10.000000	0	0	0	0	0	0	0	0	0	0	0;
	44	335.109166	0	360.000000	-280.000000	1	100	1	380.000000	10.000000	0	0	0	0	0	0	0	0	0	0	0;
	45	367.503396	0	965.000000	-765.000000	1	100	1	965.000000	10.000000	0	0	0	0	0	0	0	0	0	0	0;
	46	650.000000	0	900.000000	-900.000000	1	100	1	900.000000	10.000000	0	0	0	0	0	0	0	0	0	0	0;
	47	0	0	720.000000	-720.000000	0	100	0	720.000000	10.000000	0	0	0	0	0	0	0	0	0	0	0;
	48	0	0	570.000000	-370.000000	0	100	0	570.000000	10.000000	0	0	0	0	0	0	0	0	0	0	0;
	49	503.145632	0	515.000000	-415.000000	1	100	1	575.000000	10.000000	0	0	0	0	0	0	0	0	0	0	0;
	50	0	0	570.000000	-570.000000	0	100	0	0.000000	-0.000000	0	0	0	0	0	0	0	0	0	0	0;
	51	455.000000	0	630.000000	-630.000000	1	100	1	630.000000	10.000000	0	0	0	0	0	0	0	0	0	0	0;
	53	390.000000	0	580.000000	-540.000000	1	100	1	540.000000	10.000000	0	0	0	0	0	0	0	0	0	0	0;
	54	455.000000	0	630.000000	-630.000000	1	100	1	630.000000	10.000000	0	0	0	0	0	0	0	0	0	0	0;
	55	0	0	630.000000	-630.000000	0	100	0	630.000000	10.000000	0	0	0	0	0	0	0	0	0	0	0;
	56	390.000000	0	540.000000	-540.000000	1	100	1	540.000000	10.000000	0	0	0	0	0	0	0	0	0	0	0;
	57	390.000000	0	540.000000	-540.000000	1	100	1	540.000000	10.000000	0	0	0	0	0	0	0	0	0	0	0;
	58	390.000000	0	540.000000	-540.000000	1	100	1	540.000000	10.000000	0	0	0	0	0	0	0	0	0	0	0;
	59	325.000000	0	520.000000	-450.000000	1	100	1	560.000000	10.000000	0	0	0	0	0	0	0	0	0	0	0;
	60	0	0	4000.000000	-2050.000000	0	100	0	4500.000000	10.000000	0	0	0	0	0	0	0	0	0	0	0;
	61	0	0	250.000000	-250.000000	0	100	0	0.000000	-0.000000	0	0	0	0	0	0	0	0	0	0	0;
];
