function mpc = powergrid
mpc.version = '2';
mpc.baseMVA = 100;
mpc.bus = [
	1	1	124.419054	52.309192	0	-400	1	1.025001	23.617961	130	1	1.100000	0.900000;
	2	1	115.070597	64.743455	0	0	1	1.064192	24.861862	130	1	1.100000	0.900000;
	3	1	518.169829	309.481762	0	0	1	0.977077	22.807219	130	1	1.100000	0.900000;
	4	1	3.409009	2.345111	0	0	1	1.040643	22.972321	130	1	1.100000	0.900000;
	5	1	125.253251	35.362417	0	0	1	1.035754	-0.102751	130	1	1.100000	0.900000;
	6	1	379.076169	-261.483632	0	0	1	1.074672	-7.151300	130	1	1.100000	0.900000;
	7	1	22.447814	-14.555332	0	0	1	1.037302	1.593843	130	1	1.100000	0.900000;
	8	1	602.732779	141.662714	0	0	1	1.051848	-1.765328	130	1	1.100000	0.900000;
	9	1	171.140639	76.658569	0	0	1	1.063355	0.392768	130	1	1.100000	0.900000;
	10	1	346.682384	217.479262	0	0	1	1.031365	6.211812	220	1	1.100000	0.900000;
	11	1	425.410572	107.200371	0	0	1	0.990379	1.475248	220	1	1.100000	0.900000;
	12	1	487.889329	284.730586	0	-400	1	0.943754	31.226161	400	1	1.100000	0.900000;
	13	1	1030.594372	131.620141	0	0	1	0.993342	39.320873	400	1	1.100000	0.900000;
	14	1	192.410908	107.249932	0	0	1	1.088502	3.661227	400	1	1.100000	0.900000;
	15	1	1060.630396	310.502602	0	0	1	1.026345	0.103508	400	1	1.100000	0.900000;
	16	1	80.336388	11.156800	0	0	1	1.055908	-2.202323	400	1	1.100000	0.900000;
	17	1	550.124251	-239.228368	0	0	1	1.059543	-3.782053	400	1	1.100000	0.900000;
	18	1	229.679729	88.487717	0	0	1	1.032663	-1.715252	400	1	1.100000	0.900000;
	19	1	3.246302	1.353533	0	0	1	1.048788	5.758361	400	1	1.100000	0.900000;
	20	1	112.138207	58.358227	0	0	1	1.086966	3.257416	400	1	1.100000	0.900000;
	21	1	4.063476	-2.959318	0	0	1	1.078711	4.224588	400	1	1.100000	0.900000;
	22	1	210.028403	72.012432	0	0	1	1.079960	2.650644	400	1	1.100000	0.900000;
	23	1	0	0	0	-100	1	0.962624	25.607919	400	1	1.100000	0.900000;
	24	1	0	0	0	0	1	1.008311	23.594798	130	1	1.100000	0.900000;
	25	1	0	0	0	0	1	1.043802	22.946233	130	1	1.100000	0.900000;
	26	1	0	0	0	0	1	0.957307	24.384523	400	1	1.100000	0.900000;
	27	1	0	0	0	0	1	1.028815	11.693253	400	1	1.100000	0.900000;
	28	1	0	0	0	0	1	0.988161	20.024191	400	1	1.100000	0.900000;
	29	1	0	0	0	0	1	1.034446	7.284625	400	1	1.100000	0.900000;
	30	1	0	0	0	0	1	0.972627	-7.332278	400	1	1.100000	0.900000;
	31	1	0	0	0	0	1	1.016311	9.613240	400	1	1.100000	0.900000;
	32	1	0	0	0	0	1	1.080927	-1.149564	400	1	1.100000	0.900000;
	33	1	0	0	0	0	1	1.080927	-1.149564	400	1	1.100000	0.900000;
	34	1	0	0	0	0	1	1.006090	-4.559359	400	1	1.100000	0.900000;
	35	1	0	0	0	0	1	1.034642	-4.729543	400	1	1.100000	0.900000;
	36	1	0	0	0	0	1	1.060305	-0.421132	400	1	1.100000	0.900000;
	37	1	0	0	0	0	1	1.068489	1.001279	400	1	1.100000	0.900000;
	38	2	0	0	0	0	1	0	24.861862	15	1	1.100000	0.900000;
	39	2	0	0	0	0	1	1	28.534150	15	1	1.100000	0.900000;
	40	2	0	0	0	0	1	0	23.594798	15	1	1.100000	0.900000;
	41	2	0	0	0	0	1	0	22.946233	15	1	1.100000	0.900000;
	42	2	0	0	0	0	1	1	38.866949	15	1	1.100000	0.900000;
	43	2	0	0	0	0	1	1	-1.945963	15	1	1.100000	0.900000;
	44	2	0	0	0	0	1	1	13.275741	15	1	1.100000	0.900000;
	45	2	0	0	0	0	1	1	3.828601	15	1	1.100000	0.900000;
	46	2	0	0	0	0	1	1	26.393505	15	1	1.100000	0.900000;
	47	2	0	0	0	0	1	1	31.421131	15	1	1.100000	0.900000;
	48	2	0	0	0	0	1	1	17.131291	15	1	1.100000	0.900000;
	49	2	0	0	0	0	1	1	23.645769	15	1	1.100000	0.900000;
	50	2	0	0	0	0	1	0	3.661227	15	1	1.100000	0.900000;
	51	2	0	0	0	0	1	1	5.554783	15	1	1.100000	0.900000;
	52	3	0	0	0	0	1	1	0	15	1	1.000000	1.000000;
	53	2	0	0	0	0	1	1	3.702463	15	1	1.100000	0.900000;
	54	2	0	0	0	0	1	0	5.758361	15	1	1.100000	0.900000;
	55	2	0	0	0	0	1	1	11.092640	15	1	1.100000	0.900000;
	56	2	0	0	0	0	1	1	9.410381	15	1	1.100000	0.900000;
	57	2	0	0	0	0	1	0	2.650644	15	1	1.100000	0.900000;
	58	2	0	0	0	0	1	0	2.650644	15	1	1.100000	0.900000;
	59	2	0	0	0	0	1	0	31.226161	15	1	1.100000	0.900000;
	60	2	0	0	0	0	1	1	43.054244	15	1	1.100000	0.900000;
	61	2	0	0	0	0	1	0	-0.102751	15	1	1.100000	0.900000;
];
mpc.gen = [
	52	0	0	1840.000000	-540.000000	1	1	1	2800.000000	10.000000	0	0	0	0	0	0	0	0	0	0	0;
	38	0	0	720.000000	-720.000000	0	100	0	720.000000	10.000000	0	0	0	0	0	0	0	0	0	0	0;
	39	390.000000	0	540.000000	-540.000000	1	100	1	540.000000	10.000000	0	0	0	0	0	0	0	0	0	0	0;
	40	0	0	630.000000	-630.000000	0	100	0	630.000000	10.000000	0	0	0	0	0	0	0	0	0	0	0;
	41	0	0	540.000000	-540.000000	0	100	0	540.000000	10.000000	0	0	0	0	0	0	0	0	0	0	0;
	42	475.000000	0	325.000000	-225.000000	1	100	1	475.000000	10.000000	0	0	0	0	0	0	0	0	0	0	0;
	43	259.999999	0	560.000000	-360.000000	1	100	1	560.000000	10.000000	0	0	0	0	0	0	0	0	0	0	0;
	44	280.041007	0	360.000000	-280.000000	1	100	1	380.000000	10.000000	0	0	0	0	0	0	0	0	0	0	0;
	45	230.447956	0	965.000000	-765.000000	1	100	1	965.000000	10.000000	0	0	0	0	0	0	0	0	0	0	0;
	46	223.730155	0	900.000000	-900.000000	1	100	1	900.000000	10.000000	0	0	0	0	0	0	0	0	0	0	0;
	47	520.000000	0	720.000000	-720.000000	1	100	1	720.000000	10.000000	0	0	0	0	0	0	0	0	0	0	0;
	48	195.000000	0	570.000000	-370.000000	1	100	1	570.000000	10.000000	0	0	0	0	0	0	0	0	0	0	0;
	49	575.000000	0	515.000000	-415.000000	1	100	1	575.000000	10.000000	0	0	0	0	0	0	0	0	0	0	0;
	50	0	0	570.000000	-570.000000	0	100	0	0.000000	-0.000000	0	0	0	0	0	0	0	0	0	0	0;
	51	455.000000	0	630.000000	-630.000000	1	100	1	630.000000	10.000000	0	0	0	0	0	0	0	0	0	0	0;
	53	390.000000	0	580.000000	-540.000000	1	100	1	540.000000	10.000000	0	0	0	0	0	0	0	0	0	0	0;
	54	0	0	630.000000	-630.000000	0	100	0	630.000000	10.000000	0	0	0	0	0	0	0	0	0	0	0;
	55	455.000000	0	630.000000	-630.000000	1	100	1	630.000000	10.000000	0	0	0	0	0	0	0	0	0	0	0;
	56	390.000000	0	540.000000	-540.000000	1	100	1	540.000000	10.000000	0	0	0	0	0	0	0	0	0	0	0;
	57	0	0	540.000000	-540.000000	0	100	0	540.000000	10.000000	0	0	0	0	0	0	0	0	0	0	0;
	58	0	0	540.000000	-540.000000	0	100	0	540.000000	10.000000	0	0	0	0	0	0	0	0	0	0	0;
	59	0	0	520.000000	-450.000000	0	100	0	560.000000	10.000000	0	0	0	0	0	0	0	0	0	0	0;
	60	1940.594372	0	4000.000000	-2050.000000	1	100	1	4500.000000	10.000000	0	0	0	0	0	0	0	0	0	0	0;
	61	0	0	250.000000	-250.000000	0	100	0	0.000000	-0.000000	0	0	0	0	0	0	0	0	0	0	0;
];
