function mpc = powergrid
mpc.version = '2';
mpc.baseMVA = 100;
mpc.bus = [
	1	1	149.127078	65.995939	0	-400	1	1.021917	17.820356	130	1	1.100000	0.900000;
	2	1	21.427847	7.578905	0	0	1	1.061974	20.421814	130	1	1.100000	0.900000;
	3	1	273.400571	109.383971	0	0	1	0.999165	22.564516	130	1	1.100000	0.900000;
	4	1	45.417522	20.883081	0	0	1	1.087290	12.533250	130	1	1.100000	0.900000;
	5	1	54.769345	21.876744	0	0	1	1.145469	-13.246271	130	1	1.100000	0.900000;
	6	1	481.843204	327.034535	0	0	1	0.941131	-20.251391	130	1	1.100000	0.900000;
	7	1	241.815741	159.235938	0	0	1	1.126436	-13.652729	130	1	1.100000	0.900000;
	8	1	405.849035	80.499426	0	0	1	1.169648	-10.360509	130	1	1.100000	0.900000;
	9	1	64.233157	39.052501	0	0	1	1.196013	-11.089746	130	1	1.100000	0.900000;
	10	1	11.645088	4.498736	0	0	1	1.126143	4.135796	220	1	1.100000	0.900000;
	11	1	10.120293	6.108985	0	0	1	1.036128	12.008558	220	1	1.100000	0.900000;
	12	1	706.050365	178.987569	0	-400	1	0.953629	21.424719	400	1	1.100000	0.900000;
	13	1	782.289669	143.661995	0	0	1	0.995251	29.467384	400	1	1.100000	0.900000;
	14	1	55.522157	28.980442	0	0	1	1.192380	-5.267967	400	1	1.100000	0.900000;
	15	1	32.235126	17.057687	0	0	1	1.177541	-4.397250	400	1	1.100000	0.900000;
	16	1	60.786229	39.803937	0	0	1	1.146594	-4.080895	400	1	1.100000	0.900000;
	17	1	155.717955	-105.651533	0	0	1	1.139912	-4.111773	400	1	1.100000	0.900000;
	18	1	0.448538	0.182570	0	0	1	1.110776	-3.048172	400	1	1.100000	0.900000;
	19	1	12.972512	-6.801030	0	0	1	1.235621	-10.865298	400	1	1.100000	0.900000;
	20	1	27.381309	13.718513	0	0	1	1.147716	-12.952747	400	1	1.100000	0.900000;
	21	1	183.540224	131.515755	0	0	1	1.117925	-16.251998	400	1	1.100000	0.900000;
	22	1	617.847512	165.760491	0	0	1	1.063524	-18.692289	400	1	1.100000	0.900000;
	23	1	0	0	0	-100	1	0.958863	19.709570	400	1	1.100000	0.900000;
	24	1	0	0	0	0	1	1.015075	25.746899	130	1	1.100000	0.900000;
	25	1	0	0	0	0	1	1.090590	12.507162	130	1	1.100000	0.900000;
	26	1	0	0	0	0	1	0.953749	17.498585	400	1	1.100000	0.900000;
	27	1	0	0	0	0	1	1.091716	4.963156	400	1	1.100000	0.900000;
	28	1	0	0	0	0	1	1.041369	10.094618	400	1	1.100000	0.900000;
	29	1	0	0	0	0	1	1.131123	0.440122	400	1	1.100000	0.900000;
	30	1	0	0	0	0	1	1.152119	-9.461837	400	1	1.100000	0.900000;
	31	1	0	0	0	0	1	1.102832	2.529654	400	1	1.100000	0.900000;
	32	1	0	0	0	0	1	1.204226	-11.368863	400	1	1.100000	0.900000;
	33	1	0	0	0	0	1	1.204226	-11.368863	400	1	1.100000	0.900000;
	34	1	0	0	0	0	1	1.174269	-7.056642	400	1	1.100000	0.900000;
	35	1	0	0	0	0	1	1.175873	-13.629189	400	1	1.100000	0.900000;
	36	1	0	0	0	0	1	1.185387	-8.773590	400	1	1.100000	0.900000;
	37	1	0	0	0	0	1	1.205053	-10.619071	400	1	1.100000	0.900000;
	38	2	0	0	0	0	1	0	20.421814	15	1	1.100000	0.900000;
	39	2	0	0	0	0	1	1	26.487027	15	1	1.100000	0.900000;
	40	2	0	0	0	0	1	1	30.993348	15	1	1.100000	0.900000;
	41	2	0	0	0	0	1	0	12.507162	15	1	1.100000	0.900000;
	42	2	0	0	0	0	1	1	27.729116	15	1	1.100000	0.900000;
	43	2	0	0	0	0	1	1	-14.304951	15	1	1.100000	0.900000;
	44	2	0	0	0	0	1	0	-13.652729	15	1	1.100000	0.900000;
	45	2	0	0	0	0	1	1	15.280587	15	1	1.100000	0.900000;
	46	2	0	0	0	0	1	0	17.498585	15	1	1.100000	0.900000;
	47	2	0	0	0	0	1	1	22.090985	15	1	1.100000	0.900000;
	48	2	0	0	0	0	1	1	10.087007	15	1	1.100000	0.900000;
	49	2	0	0	0	0	1	1	6.655310	15	1	1.100000	0.900000;
	50	2	0	0	0	0	1	0	-5.267967	15	1	1.100000	0.900000;
	51	2	0	0	0	0	1	0	-4.397250	15	1	1.100000	0.900000;
	52	3	0	0	0	0	1	1	0	15	1	1.000000	1.000000;
	53	2	0	0	0	0	1	0	-3.048172	15	1	1.100000	0.900000;
	54	2	0	0	0	0	1	0	-10.865298	15	1	1.100000	0.900000;
	55	2	0	0	0	0	1	0	-10.865298	15	1	1.100000	0.900000;
	56	2	0	0	0	0	1	0	-16.251998	15	1	1.100000	0.900000;
	57	2	0	0	0	0	1	0	-18.692289	15	1	1.100000	0.900000;
	58	2	0	0	0	0	1	1	-15.374190	15	1	1.100000	0.900000;
	59	2	0	0	0	0	1	0	21.424719	15	1	1.100000	0.900000;
	60	2	0	0	0	0	1	1	32.716257	15	1	1.100000	0.900000;
	61	2	0	0	0	0	1	0	-13.246271	15	1	1.100000	0.900000;
];
mpc.gen = [
	52	0	0	1840.000000	-540.000000	1	1	1	2800.000000	10.000000	0	0	0	0	0	0	0	0	0	0	0;
	38	0	0	720.000000	-720.000000	0	100	0	720.000000	10.000000	0	0	0	0	0	0	0	0	0	0	0;
	39	273.400572	0	540.000000	-540.000000	1	100	1	540.000000	10.000000	0	0	0	0	0	0	0	0	0	0	0;
	40	433.143894	0	630.000000	-630.000000	1	100	1	630.000000	10.000000	0	0	0	0	0	0	0	0	0	0	0;
	41	0	0	540.000000	-540.000000	0	100	0	540.000000	10.000000	0	0	0	0	0	0	0	0	0	0	0;
	42	475.000000	0	325.000000	-225.000000	1	100	1	475.000000	10.000000	0	0	0	0	0	0	0	0	0	0	0;
	43	260.000000	0	560.000000	-360.000000	1	100	1	560.000000	10.000000	0	0	0	0	0	0	0	0	0	0	0;
	44	0	0	360.000000	-280.000000	0	100	0	380.000000	10.000000	0	0	0	0	0	0	0	0	0	0	0;
	45	335.120293	0	965.000000	-765.000000	1	100	1	965.000000	10.000000	0	0	0	0	0	0	0	0	0	0	0;
	46	0	0	900.000000	-900.000000	0	100	0	900.000000	10.000000	0	0	0	0	0	0	0	0	0	0	0;
	47	212.492020	0	720.000000	-720.000000	1	100	1	720.000000	10.000000	0	0	0	0	0	0	0	0	0	0	0;
	48	195.000000	0	570.000000	-370.000000	1	100	1	570.000000	10.000000	0	0	0	0	0	0	0	0	0	0	0;
	49	185.132384	0	515.000000	-415.000000	1	100	1	575.000000	10.000000	0	0	0	0	0	0	0	0	0	0	0;
	50	0	0	570.000000	-570.000000	0	100	0	0.000000	-0.000000	0	0	0	0	0	0	0	0	0	0	0;
	51	0	0	630.000000	-630.000000	0	100	0	630.000000	10.000000	0	0	0	0	0	0	0	0	0	0	0;
	53	0	0	580.000000	-540.000000	0	100	0	540.000000	10.000000	0	0	0	0	0	0	0	0	0	0	0;
	54	0	0	630.000000	-630.000000	0	100	0	630.000000	10.000000	0	0	0	0	0	0	0	0	0	0	0;
	55	0	0	630.000000	-630.000000	0	100	0	630.000000	10.000000	0	0	0	0	0	0	0	0	0	0	0;
	56	0	0	540.000000	-540.000000	0	100	0	540.000000	10.000000	0	0	0	0	0	0	0	0	0	0	0;
	57	0	0	540.000000	-540.000000	0	100	0	540.000000	10.000000	0	0	0	0	0	0	0	0	0	0	0;
	58	246.224570	0	540.000000	-540.000000	1	100	1	540.000000	10.000000	0	0	0	0	0	0	0	0	0	0	0;
	59	0	0	520.000000	-450.000000	0	100	0	560.000000	10.000000	0	0	0	0	0	0	0	0	0	0	0;
	60	1692.289669	0	4000.000000	-2050.000000	1	100	1	4500.000000	10.000000	0	0	0	0	0	0	0	0	0	0	0;
	61	0	0	250.000000	-250.000000	0	100	0	0.000000	-0.000000	0	0	0	0	0	0	0	0	0	0	0;
];
