function mpc = powergrid
mpc.version = '2';
mpc.baseMVA = 100;
mpc.bus = [
	1	1	367.738770	149.949741	0	-400	1	1.007039	-7.274217	130	1	1.100000	0.900000;
	2	1	284.934275	131.426140	0	0	1	1.033774	-2.513819	130	1	1.100000	0.900000;
	3	1	698.692895	192.002474	0	0	1	0.972420	-11.654580	130	1	1.100000	0.900000;
	4	1	190.582753	86.531282	0	0	1	1.055318	0.730310	130	1	1.100000	0.900000;
	5	1	4.463094	0.721647	0	0	1	1.088360	-3.382652	130	1	1.100000	0.900000;
	6	1	353.071083	96.962118	0	0	1	0.999264	-10.297157	130	1	1.100000	0.900000;
	7	1	8.421450	1.538745	0	0	1	1.080221	-2.638244	130	1	1.100000	0.900000;
	8	1	264.599901	39.948948	0	0	1	1.112083	-7.214978	130	1	1.100000	0.900000;
	9	1	31.846367	6.181973	0	0	1	1.104404	-4.653424	130	1	1.100000	0.900000;
	10	1	28.236750	20.247610	0	0	1	1.181246	-6.802383	220	1	1.100000	0.900000;
	11	1	87.298066	21.002140	0	0	1	1.169029	-8.385407	220	1	1.100000	0.900000;
	12	1	47.932962	31.245902	0	-400	1	0.951076	-2.764980	400	1	1.100000	0.900000;
	13	1	214.900160	123.772459	0	0	1	0.945028	-6.897924	400	1	1.100000	0.900000;
	14	1	35.944498	15.496558	0	0	1	1.188916	-7.410135	400	1	1.100000	0.900000;
	15	1	2.014984	1.326829	0	0	1	1.143496	-7.697597	400	1	1.100000	0.900000;
	16	1	662.798671	439.309289	0	0	1	1.089219	-8.514394	400	1	1.100000	0.900000;
	17	1	343.802205	-86.316391	0	0	1	1.078441	-8.709776	400	1	1.100000	0.900000;
	18	1	154.644185	82.856386	0	0	1	1.048120	-6.360458	400	1	1.100000	0.900000;
	19	1	331.242871	248.128204	0	0	1	1.027949	1.698698	400	1	1.100000	0.900000;
	20	1	399.994962	187.033823	0	0	1	1.127088	-8.724500	400	1	1.100000	0.900000;
	21	1	26.253995	18.127499	0	0	1	1.120578	-5.817089	400	1	1.100000	0.900000;
	22	1	77.528934	25.018299	0	0	1	1.082885	-3.393544	400	1	1.100000	0.900000;
	23	1	0	0	0	-100	1	0.951499	-2.496703	400	1	1.100000	0.900000;
	24	1	0	0	0	0	1	0.991212	-8.259554	130	1	1.100000	0.900000;
	25	1	0	0	0	0	1	1.011971	13.456614	130	1	1.100000	0.900000;
	26	1	0	0	0	0	1	0.944759	-4.725761	400	1	1.100000	0.900000;
	27	1	0	0	0	0	1	1.125901	-6.854686	400	1	1.100000	0.900000;
	28	1	0	0	0	0	1	1.024951	-2.264809	400	1	1.100000	0.900000;
	29	1	0	0	0	0	1	1.141427	-6.753824	400	1	1.100000	0.900000;
	30	1	0	0	0	0	1	1.052636	-8.473142	400	1	1.100000	0.900000;
	31	1	0	0	0	0	1	1.128890	-6.233324	400	1	1.100000	0.900000;
	32	1	0	0	0	0	1	1.142900	-8.411713	400	1	1.100000	0.900000;
	33	1	0	0	0	0	1	1.142900	-8.411713	400	1	1.100000	0.900000;
	34	1	0	0	0	0	1	1.100125	-8.498855	400	1	1.100000	0.900000;
	35	1	0	0	0	0	1	1.052060	-7.351756	400	1	1.100000	0.900000;
	36	1	0	0	0	0	1	1.122888	-6.997663	400	1	1.100000	0.900000;
	37	1	0	0	0	0	1	1.107485	-4.574839	400	1	1.100000	0.900000;
	38	2	0	0	0	0	1	1	2.898054	15	1	1.100000	0.900000;
	39	2	0	0	0	0	1	1	-8.059378	15	1	1.100000	0.900000;
	40	2	0	0	0	0	1	0	-8.259554	15	1	1.100000	0.900000;
	41	2	0	0	0	0	1	1	16.678461	15	1	1.100000	0.900000;
	42	2	0	0	0	0	1	1	16.398189	15	1	1.100000	0.900000;
	43	2	0	0	0	0	1	1	-4.697796	15	1	1.100000	0.900000;
	44	2	0	0	0	0	1	1	8.563727	15	1	1.100000	0.900000;
	45	2	0	0	0	0	1	0	-8.385407	15	1	1.100000	0.900000;
	46	2	0	0	0	0	1	0	-4.725761	15	1	1.100000	0.900000;
	47	2	0	0	0	0	1	1	2.252644	15	1	1.100000	0.900000;
	48	2	0	0	0	0	1	0	-6.854686	15	1	1.100000	0.900000;
	49	2	0	0	0	0	1	0	-6.233324	15	1	1.100000	0.900000;
	50	2	0	0	0	0	1	0	-7.410135	15	1	1.100000	0.900000;
	51	2	0	0	0	0	1	0	-7.697597	15	1	1.100000	0.900000;
	52	3	0	0	0	0	1	1	0	15	1	1.000000	1.000000;
	53	2	0	0	0	0	1	1	-3.960432	15	1	1.100000	0.900000;
	54	2	0	0	0	0	1	1	7.141440	15	1	1.100000	0.900000;
	55	2	0	0	0	0	1	1	7.141440	15	1	1.100000	0.900000;
	56	2	0	0	0	0	1	0	-5.817089	15	1	1.100000	0.900000;
	57	2	0	0	0	0	1	1	1.772207	15	1	1.100000	0.900000;
	58	2	0	0	0	0	1	0	-3.393544	15	1	1.100000	0.900000;
	59	2	0	0	0	0	1	1	3.119060	15	1	1.100000	0.900000;
	60	2	0	0	0	0	1	0	-6.897924	15	1	1.100000	0.900000;
	61	2	0	0	0	0	1	0	-3.382652	15	1	1.100000	0.900000;
];
mpc.gen = [
	52	0	0	1840.000000	-540.000000	1	1	1	2800.000000	10.000000	0	0	0	0	0	0	0	0	0	0	0;
	38	520.000000	0	720.000000	-720.000000	1	100	1	720.000000	10.000000	0	0	0	0	0	0	0	0	0	0	0;
	39	243.909893	0	540.000000	-540.000000	1	100	1	540.000000	10.000000	0	0	0	0	0	0	0	0	0	0	0;
	40	0	0	630.000000	-630.000000	0	100	0	630.000000	10.000000	0	0	0	0	0	0	0	0	0	0	0;
	41	227.499999	0	540.000000	-540.000000	1	100	1	540.000000	10.000000	0	0	0	0	0	0	0	0	0	0	0;
	42	474.999997	0	325.000000	-225.000000	1	100	1	475.000000	10.000000	0	0	0	0	0	0	0	0	0	0	0;
	43	260.000000	0	560.000000	-360.000000	1	100	1	560.000000	10.000000	0	0	0	0	0	0	0	0	0	0	0;
	44	279.803283	0	360.000000	-280.000000	1	100	1	380.000000	10.000000	0	0	0	0	0	0	0	0	0	0	0;
	45	0	0	965.000000	-765.000000	0	100	0	965.000000	10.000000	0	0	0	0	0	0	0	0	0	0	0;
	46	0	0	900.000000	-900.000000	0	100	0	900.000000	10.000000	0	0	0	0	0	0	0	0	0	0	0;
	47	420.166015	0	720.000000	-720.000000	1	100	1	720.000000	10.000000	0	0	0	0	0	0	0	0	0	0	0;
	48	0	0	570.000000	-370.000000	0	100	0	570.000000	10.000000	0	0	0	0	0	0	0	0	0	0	0;
	49	0	0	515.000000	-415.000000	0	100	0	575.000000	10.000000	0	0	0	0	0	0	0	0	0	0	0;
	50	0	0	570.000000	-570.000000	0	100	0	0.000000	-0.000000	0	0	0	0	0	0	0	0	0	0	0;
	51	0	0	630.000000	-630.000000	0	100	0	630.000000	10.000000	0	0	0	0	0	0	0	0	0	0	0;
	53	175.564644	0	580.000000	-540.000000	1	100	1	540.000000	10.000000	0	0	0	0	0	0	0	0	0	0	0;
	54	455.000000	0	630.000000	-630.000000	1	100	1	630.000000	10.000000	0	0	0	0	0	0	0	0	0	0	0;
	55	455.000000	0	630.000000	-630.000000	1	100	1	630.000000	10.000000	0	0	0	0	0	0	0	0	0	0	0;
	56	0	0	540.000000	-540.000000	0	100	0	540.000000	10.000000	0	0	0	0	0	0	0	0	0	0	0;
	57	389.999999	0	540.000000	-540.000000	1	100	1	540.000000	10.000000	0	0	0	0	0	0	0	0	0	0	0;
	58	0	0	540.000000	-540.000000	0	100	0	540.000000	10.000000	0	0	0	0	0	0	0	0	0	0	0;
	59	325.000000	0	520.000000	-450.000000	1	100	1	560.000000	10.000000	0	0	0	0	0	0	0	0	0	0	0;
	60	0	0	4000.000000	-2050.000000	0	100	0	4500.000000	10.000000	0	0	0	0	0	0	0	0	0	0	0;
	61	0	0	250.000000	-250.000000	0	100	0	0.000000	-0.000000	0	0	0	0	0	0	0	0	0	0	0;
];
