function mpc = powergrid
mpc.version = '2';
mpc.baseMVA = 100;
mpc.bus = [
	1	1	105.692178	64.953880	0	-400	1	1.035436	0.148661	130	1	1.100000	0.900000;
	2	1	374.799699	252.787151	0	0	1	1.056185	-0.903436	130	1	1.100000	0.900000;
	3	1	315.881662	232.437353	0	0	1	0.974463	-3.928014	130	1	1.100000	0.900000;
	4	1	303.830298	88.180625	0	0	1	1.066016	-3.632639	130	1	1.100000	0.900000;
	5	1	291.744558	205.991250	0	0	1	0.882130	-17.575168	130	1	1.100000	0.900000;
	6	1	273.215344	138.912122	0	0	1	0.650164	-35.655461	130	1	1.100000	0.900000;
	7	1	212.580805	60.706492	0	0	1	0.925471	-13.381340	130	1	1.100000	0.900000;
	8	1	75.063823	37.265389	0	0	1	0.984931	-12.559786	130	1	1.100000	0.900000;
	9	1	334.092975	155.626082	0	0	1	0.970351	-15.009963	130	1	1.100000	0.900000;
	10	1	54.658051	11.061806	0	0	1	1.054946	0.274969	220	1	1.100000	0.900000;
	11	1	37.242578	27.883710	0	0	1	1.013114	8.507270	220	1	1.100000	0.900000;
	12	1	35.793742	25.695764	0	-400	1	1.015450	2.737005	400	1	1.100000	0.900000;
	13	1	160.635143	82.380099	0	0	1	1.048199	1.240093	400	1	1.100000	0.900000;
	14	1	2.606717	1.659808	0	0	1	1.058792	-9.396123	400	1	1.100000	0.900000;
	15	1	60.054881	29.340941	0	0	1	1.026737	-8.815900	400	1	1.100000	0.900000;
	16	1	214.851447	132.847323	0	0	1	0.983828	-9.446985	400	1	1.100000	0.900000;
	17	1	390.411030	222.025153	0	0	1	0.967794	-9.869742	400	1	1.100000	0.900000;
	18	1	377.031862	165.240857	0	0	1	0.977995	-7.117660	400	1	1.100000	0.900000;
	19	1	258.798976	180.642067	0	0	1	0.987803	-11.262716	400	1	1.100000	0.900000;
	20	1	57.327724	41.498415	0	0	1	1.035776	-13.662477	400	1	1.100000	0.900000;
	21	1	591.248736	126.373077	0	0	1	1.017734	-14.952398	400	1	1.100000	0.900000;
	22	1	338.614834	160.695970	0	0	1	1.002668	-11.122941	400	1	1.100000	0.900000;
	23	1	0	0	0	-100	1	0.967954	0.974734	400	1	1.100000	0.900000;
	24	1	0	0	0	0	1	1.003534	-2.779919	130	1	1.100000	0.900000;
	25	1	0	0	0	0	1	1.069251	-3.658727	130	1	1.100000	0.900000;
	26	1	0	0	0	0	1	0.969443	1.505698	400	1	1.100000	0.900000;
	27	1	0	0	0	0	1	1.039114	-2.058104	400	1	1.100000	0.900000;
	28	1	0	0	0	0	1	1.005337	-1.810625	400	1	1.100000	0.900000;
	29	1	0	0	0	0	1	1.034679	-3.763277	400	1	1.100000	0.900000;
	30	1	0	0	0	0	1	0.946055	-13.560133	400	1	1.100000	0.900000;
	31	1	0	0	0	0	1	1.023993	-1.321972	400	1	1.100000	0.900000;
	32	1	0	0	0	0	1	1.033745	-16.566988	400	1	1.100000	0.900000;
	33	1	0	0	0	0	1	1.058792	-9.396123	400	1	1.100000	0.900000;
	34	1	0	0	0	0	1	0.996889	-12.230923	400	1	1.100000	0.900000;
	35	1	0	0	0	0	1	0.953800	-16.535184	400	1	1.100000	0.900000;
	36	1	0	0	0	0	1	1.006075	-11.583356	400	1	1.100000	0.900000;
	37	1	0	0	0	0	1	0.990604	-13.502357	400	1	1.100000	0.900000;
	38	2	0	0	0	0	1	0	-0.903436	15	1	1.100000	0.900000;
	39	2	0	0	0	0	1	0	-3.928014	15	1	1.100000	0.900000;
	40	2	0	0	0	0	1	0	-2.779919	15	1	1.100000	0.900000;
	41	2	0	0	0	0	1	0	-3.658727	15	1	1.100000	0.900000;
	42	2	0	0	0	0	1	0	-3.632639	15	1	1.100000	0.900000;
	43	2	0	0	0	0	1	0	-35.655461	15	1	1.100000	0.900000;
	44	2	0	0	0	0	1	1	4.554473	15	1	1.100000	0.900000;
	45	2	0	0	0	0	1	1	12.124892	15	1	1.100000	0.900000;
	46	2	0	0	0	0	1	1	6.910116	15	1	1.100000	0.900000;
	47	2	0	0	0	0	1	1	5.564661	15	1	1.100000	0.900000;
	48	2	0	0	0	0	1	1	3.325873	15	1	1.100000	0.900000;
	49	2	0	0	0	0	1	1	12.603158	15	1	1.100000	0.900000;
	50	2	0	0	0	0	1	0	-9.396123	15	1	1.100000	0.900000;
	51	2	0	0	0	0	1	0	-8.815900	15	1	1.100000	0.900000;
	52	3	0	0	0	0	1	1	0	15	1	1.000000	1.000000;
	53	2	0	0	0	0	1	1	-1.396127	15	1	1.100000	0.900000;
	54	2	0	0	0	0	1	1	-5.696664	15	1	1.100000	0.900000;
	55	2	0	0	0	0	1	0	-11.262716	15	1	1.100000	0.900000;
	56	2	0	0	0	0	1	0	-14.952398	15	1	1.100000	0.900000;
	57	2	0	0	0	0	1	1	-5.542650	15	1	1.100000	0.900000;
	58	2	0	0	0	0	1	1	-5.542650	15	1	1.100000	0.900000;
	59	2	0	0	0	0	1	1	8.246835	15	1	1.100000	0.900000;
	60	2	0	0	0	0	1	0	1.240093	15	1	1.100000	0.900000;
	61	2	0	0	0	0	1	0	-17.575168	15	1	1.100000	0.900000;
];
mpc.gen = [
	52	0	0	1840.000000	-540.000000	1	1	1	2800.000000	10.000000	0	0	0	0	0	0	0	0	0	0	0;
	38	0	0	720.000000	-720.000000	0	100	0	720.000000	10.000000	0	0	0	0	0	0	0	0	0	0	0;
	39	0	0	540.000000	-540.000000	0	100	0	540.000000	10.000000	0	0	0	0	0	0	0	0	0	0	0;
	40	0	0	630.000000	-630.000000	0	100	0	630.000000	10.000000	0	0	0	0	0	0	0	0	0	0	0;
	41	0	0	540.000000	-540.000000	0	100	0	540.000000	10.000000	0	0	0	0	0	0	0	0	0	0	0;
	42	0	0	325.000000	-225.000000	0	100	0	475.000000	10.000000	0	0	0	0	0	0	0	0	0	0	0;
	43	0	0	560.000000	-360.000000	0	100	0	560.000000	10.000000	0	0	0	0	0	0	0	0	0	0	0;
	44	380.000000	0	360.000000	-280.000000	1	100	1	380.000000	10.000000	0	0	0	0	0	0	0	0	0	0	0;
	45	362.242577	0	965.000000	-765.000000	1	100	1	965.000000	10.000000	0	0	0	0	0	0	0	0	0	0	0;
	46	608.713537	0	900.000000	-900.000000	1	100	1	900.000000	10.000000	0	0	0	0	0	0	0	0	0	0	0;
	47	413.115938	0	720.000000	-720.000000	1	100	1	720.000000	10.000000	0	0	0	0	0	0	0	0	0	0	0;
	48	195.000000	0	570.000000	-370.000000	1	100	1	570.000000	10.000000	0	0	0	0	0	0	0	0	0	0	0;
	49	575.000000	0	515.000000	-415.000000	1	100	1	575.000000	10.000000	0	0	0	0	0	0	0	0	0	0	0;
	50	0	0	570.000000	-570.000000	0	100	0	0.000000	-0.000000	0	0	0	0	0	0	0	0	0	0	0;
	51	0	0	630.000000	-630.000000	0	100	0	630.000000	10.000000	0	0	0	0	0	0	0	0	0	0	0;
	53	390.000000	0	580.000000	-540.000000	1	100	1	540.000000	10.000000	0	0	0	0	0	0	0	0	0	0	0;
	54	447.105010	0	630.000000	-630.000000	1	100	1	630.000000	10.000000	0	0	0	0	0	0	0	0	0	0	0;
	55	0	0	630.000000	-630.000000	0	100	0	630.000000	10.000000	0	0	0	0	0	0	0	0	0	0	0;
	56	0	0	540.000000	-540.000000	0	100	0	540.000000	10.000000	0	0	0	0	0	0	0	0	0	0	0;
	57	390.000000	0	540.000000	-540.000000	1	100	1	540.000000	10.000000	0	0	0	0	0	0	0	0	0	0	0;
	58	390.000000	0	540.000000	-540.000000	1	100	1	540.000000	10.000000	0	0	0	0	0	0	0	0	0	0	0;
	59	325.000000	0	520.000000	-450.000000	1	100	1	560.000000	10.000000	0	0	0	0	0	0	0	0	0	0	0;
	60	0	0	4000.000000	-2050.000000	0	100	0	4500.000000	10.000000	0	0	0	0	0	0	0	0	0	0	0;
	61	0	0	250.000000	-250.000000	0	100	0	0.000000	-0.000000	0	0	0	0	0	0	0	0	0	0	0;
];
