function mpc = powergrid
mpc.version = '2';
mpc.baseMVA = 100;
mpc.bus = [
	1	1	19.179735	13.071674	0	-400	1	1.006492	1.477135	130	1	1.100000	0.900000;
	2	1	505.063503	-194.153717	0	0	1	1.036404	1.315944	130	1	1.100000	0.900000;
	3	1	119.373208	57.869037	0	0	1	1.003403	5.138549	130	1	1.100000	0.900000;
	4	1	1178.149077	377.741561	0	0	1	0.970449	-9.381909	130	1	1.100000	0.900000;
	5	1	38.148980	15.585568	0	0	1	1.062594	-13.878770	130	1	1.100000	0.900000;
	6	1	521.319265	-242.969567	0	0	1	1.061467	-26.781236	130	1	1.100000	0.900000;
	7	1	482.748787	-94.954594	0	0	1	1.058180	-14.658445	130	1	1.100000	0.900000;
	8	1	1.942440	1.057963	0	0	1	1.083112	-10.169697	130	1	1.100000	0.900000;
	9	1	322.311642	90.736438	0	0	1	1.080645	-11.242248	130	1	1.100000	0.900000;
	10	1	183.234972	-133.027926	0	0	1	1.103894	-6.767655	220	1	1.100000	0.900000;
	11	1	547.131390	313.578012	0	0	1	0.964986	-5.543168	220	1	1.100000	0.900000;
	12	1	360.107580	238.158145	0	-400	1	0.941548	7.199796	400	1	1.100000	0.900000;
	13	1	210.800025	82.929914	0	0	1	0.995702	14.106047	400	1	1.100000	0.900000;
	14	1	96.727040	31.871424	0	0	1	1.132757	-8.343116	400	1	1.100000	0.900000;
	15	1	385.313170	257.715186	0	0	1	1.061821	-7.733304	400	1	1.100000	0.900000;
	16	1	113.520970	73.413757	0	0	1	1.053711	-8.374047	400	1	1.100000	0.900000;
	17	1	149.153353	33.019879	0	0	1	1.037324	-8.125120	400	1	1.100000	0.900000;
	18	1	525.557034	297.717767	0	0	1	1.012986	-6.558307	400	1	1.100000	0.900000;
	19	1	599.908394	-291.237158	0	0	1	1.056756	-6.707844	400	1	1.100000	0.900000;
	20	1	220.440300	70.612956	0	0	1	1.106718	-8.988307	400	1	1.100000	0.900000;
	21	1	97.140631	61.593105	0	0	1	1.091679	-7.169888	400	1	1.100000	0.900000;
	22	1	38.124465	12.527219	0	0	1	1.104344	-7.510964	400	1	1.100000	0.900000;
	23	1	0	0	0	-100	1	0.931880	0.874399	400	1	1.100000	0.900000;
	24	1	0	0	0	0	1	1.015355	3.749954	130	1	1.100000	0.900000;
	25	1	0	0	0	0	1	0.996246	0.101971	130	1	1.100000	0.900000;
	26	1	0	0	0	0	1	0.931169	0.781349	400	1	1.100000	0.900000;
	27	1	0	0	0	0	1	1.066266	-5.282112	400	1	1.100000	0.900000;
	28	1	0	0	0	0	1	0.956451	-5.601923	400	1	1.100000	0.900000;
	29	1	0	0	0	0	1	1.072105	-6.512876	400	1	1.100000	0.900000;
	30	1	0	0	0	0	1	0.969021	-9.683461	400	1	1.100000	0.900000;
	31	1	0	0	0	0	1	1.055326	-5.751656	400	1	1.100000	0.900000;
	32	1	0	0	0	0	1	1.111587	-10.366179	400	1	1.100000	0.900000;
	33	1	0	0	0	0	1	1.111587	-10.366179	400	1	1.100000	0.900000;
	34	1	0	0	0	0	1	1.015140	-8.823421	400	1	1.100000	0.900000;
	35	1	0	0	0	0	1	1.037897	-11.005544	400	1	1.100000	0.900000;
	36	1	0	0	0	0	1	1.084881	-9.305733	400	1	1.100000	0.900000;
	37	1	0	0	0	0	1	1.086054	-9.981912	400	1	1.100000	0.900000;
	38	2	0	0	0	0	1	1	6.714043	15	1	1.100000	0.900000;
	39	2	0	0	0	0	1	1	10.714742	15	1	1.100000	0.900000;
	40	2	0	0	0	0	1	0	3.749954	15	1	1.100000	0.900000;
	41	2	0	0	0	0	1	1	2.424700	15	1	1.100000	0.900000;
	42	2	0	0	0	0	1	1	7.696400	15	1	1.100000	0.900000;
	43	2	0	0	0	0	1	1	-22.837496	15	1	1.100000	0.900000;
	44	2	0	0	0	0	1	1	-1.685341	15	1	1.100000	0.900000;
	45	2	0	0	0	0	1	1	0.255746	15	1	1.100000	0.900000;
	46	2	0	0	0	0	1	0	0.781349	15	1	1.100000	0.900000;
	47	2	0	0	0	0	1	0	0.874399	15	1	1.100000	0.900000;
	48	2	0	0	0	0	1	0	-5.282112	15	1	1.100000	0.900000;
	49	2	0	0	0	0	1	1	7.752071	15	1	1.100000	0.900000;
	50	2	0	0	0	0	1	0	-8.343116	15	1	1.100000	0.900000;
	51	2	0	0	0	0	1	1	-2.464685	15	1	1.100000	0.900000;
	52	3	0	0	0	0	1	1	0	15	1	1.000000	1.000000;
	53	2	0	0	0	0	1	1	-1.035029	15	1	1.100000	0.900000;
	54	2	0	0	0	0	1	1	-1.413898	15	1	1.100000	0.900000;
	55	2	0	0	0	0	1	1	-1.413898	15	1	1.100000	0.900000;
	56	2	0	0	0	0	1	1	-2.045860	15	1	1.100000	0.900000;
	57	2	0	0	0	0	1	0	-7.510964	15	1	1.100000	0.900000;
	58	2	0	0	0	0	1	0	-7.510964	15	1	1.100000	0.900000;
	59	2	0	0	0	0	1	0	7.199796	15	1	1.100000	0.900000;
	60	2	0	0	0	0	1	1	16.014672	15	1	1.100000	0.900000;
	61	2	0	0	0	0	1	0	-13.878770	15	1	1.100000	0.900000;
];
mpc.gen = [
	52	0	0	1840.000000	-540.000000	1	1	1	2800.000000	10.000000	0	0	0	0	0	0	0	0	0	0	0;
	38	520.000000	0	720.000000	-720.000000	1	100	1	720.000000	10.000000	0	0	0	0	0	0	0	0	0	0	0;
	39	390.000000	0	540.000000	-540.000000	1	100	1	540.000000	10.000000	0	0	0	0	0	0	0	0	0	0	0;
	40	0	0	630.000000	-630.000000	0	100	0	630.000000	10.000000	0	0	0	0	0	0	0	0	0	0	0;
	41	161.504078	0	540.000000	-540.000000	1	100	1	540.000000	10.000000	0	0	0	0	0	0	0	0	0	0	0;
	42	475.000000	0	325.000000	-225.000000	1	100	1	475.000000	10.000000	0	0	0	0	0	0	0	0	0	0	0;
	43	194.678346	0	560.000000	-360.000000	1	100	1	560.000000	10.000000	0	0	0	0	0	0	0	0	0	0	0;
	44	316.739488	0	360.000000	-280.000000	1	100	1	380.000000	10.000000	0	0	0	0	0	0	0	0	0	0	0;
	45	552.500000	0	965.000000	-765.000000	1	100	1	965.000000	10.000000	0	0	0	0	0	0	0	0	0	0	0;
	46	0	0	900.000000	-900.000000	0	100	0	900.000000	10.000000	0	0	0	0	0	0	0	0	0	0	0;
	47	0	0	720.000000	-720.000000	0	100	0	720.000000	10.000000	0	0	0	0	0	0	0	0	0	0	0;
	48	0	0	570.000000	-370.000000	0	100	0	570.000000	10.000000	0	0	0	0	0	0	0	0	0	0	0;
	49	575.000000	0	515.000000	-415.000000	1	100	1	575.000000	10.000000	0	0	0	0	0	0	0	0	0	0	0;
	50	0	0	570.000000	-570.000000	0	100	0	0.000000	-0.000000	0	0	0	0	0	0	0	0	0	0	0;
	51	455.000000	0	630.000000	-630.000000	1	100	1	630.000000	10.000000	0	0	0	0	0	0	0	0	0	0	0;
	53	390.000000	0	580.000000	-540.000000	1	100	1	540.000000	10.000000	0	0	0	0	0	0	0	0	0	0	0;
	54	455.000000	0	630.000000	-630.000000	1	100	1	630.000000	10.000000	0	0	0	0	0	0	0	0	0	0	0;
	55	455.000000	0	630.000000	-630.000000	1	100	1	630.000000	10.000000	0	0	0	0	0	0	0	0	0	0	0;
	56	390.000000	0	540.000000	-540.000000	1	100	1	540.000000	10.000000	0	0	0	0	0	0	0	0	0	0	0;
	57	0	0	540.000000	-540.000000	0	100	0	540.000000	10.000000	0	0	0	0	0	0	0	0	0	0	0;
	58	0	0	540.000000	-540.000000	0	100	0	540.000000	10.000000	0	0	0	0	0	0	0	0	0	0	0;
	59	0	0	520.000000	-450.000000	0	100	0	560.000000	10.000000	0	0	0	0	0	0	0	0	0	0	0;
	60	994.974052	0	4000.000000	-2050.000000	1	100	1	4500.000000	10.000000	0	0	0	0	0	0	0	0	0	0	0;
	61	0	0	250.000000	-250.000000	0	100	0	0.000000	-0.000000	0	0	0	0	0	0	0	0	0	0	0;
];
