function mpc = powergrid
mpc.version = '2';
mpc.baseMVA = 100;
mpc.bus = [
	1	1	236.609631	92.726740	0	-400	1	1.047204	7.553094	130	1	1.100000	0.900000;
	2	1	289.357318	45.079430	0	0	1	1.056741	10.405926	130	1	1.100000	0.900000;
	3	1	100.609624	68.935670	0	0	1	1.029282	7.090076	130	1	1.100000	0.900000;
	4	1	353.890204	89.575172	0	0	1	1.071782	0.969292	130	1	1.100000	0.900000;
	5	1	17.227754	10.557488	0	0	1	1.073627	-12.476379	130	1	1.100000	0.900000;
	6	1	317.347535	47.838554	0	0	1	0.992196	-27.347217	130	1	1.100000	0.900000;
	7	1	110.666072	61.182551	0	0	1	1.069844	-13.739924	130	1	1.100000	0.900000;
	8	1	970.568256	147.771478	0	0	1	1.093326	-13.366581	130	1	1.100000	0.900000;
	9	1	90.430670	67.785676	0	0	1	1.085907	-9.500140	130	1	1.100000	0.900000;
	10	1	288.040684	-27.464396	0	0	1	1.113683	-3.787778	220	1	1.100000	0.900000;
	11	1	174.608411	119.644216	0	0	1	1.016838	4.358259	220	1	1.100000	0.900000;
	12	1	135.475072	95.901968	0	-400	1	0.985572	7.311205	400	1	1.100000	0.900000;
	13	1	311.833287	192.650177	0	0	1	0.995455	4.486673	400	1	1.100000	0.900000;
	14	1	3.539494	2.582463	0	0	1	1.149284	-7.217417	400	1	1.100000	0.900000;
	15	1	255.220998	83.080309	0	0	1	1.124623	-8.936519	400	1	1.100000	0.900000;
	16	1	8.240278	-3.704130	0	0	1	1.103809	-8.845173	400	1	1.100000	0.900000;
	17	1	66.425239	36.849843	0	0	1	1.092506	-8.125343	400	1	1.100000	0.900000;
	18	1	66.783387	28.129749	0	0	1	1.074570	-6.557743	400	1	1.100000	0.900000;
	19	1	59.644249	40.642899	0	0	1	1.056481	-4.615115	400	1	1.100000	0.900000;
	20	1	337.860250	178.854388	0	0	1	1.064869	-7.681619	400	1	1.100000	0.900000;
	21	1	303.046446	168.935314	0	0	1	1.048909	-4.579010	400	1	1.100000	0.900000;
	22	1	57.402308	34.457792	0	0	1	1.026175	1.151811	400	1	1.100000	0.900000;
	23	1	0	0	0	-100	1	0.971146	9.763385	400	1	1.100000	0.900000;
	24	1	0	0	0	0	1	1.043616	8.856445	130	1	1.100000	0.900000;
	25	1	0	0	0	0	1	1.015278	13.565058	130	1	1.100000	0.900000;
	26	1	0	0	0	0	1	0.974674	8.629825	400	1	1.100000	0.900000;
	27	1	0	0	0	0	1	1.080105	-0.961828	400	1	1.100000	0.900000;
	28	1	0	0	0	0	1	1.023292	1.757584	400	1	1.100000	0.900000;
	29	1	0	0	0	0	1	1.105947	-5.082882	400	1	1.100000	0.900000;
	30	1	0	0	0	0	1	1.073744	-13.710266	400	1	1.100000	0.900000;
	31	1	0	0	0	0	1	1.089163	-3.936627	400	1	1.100000	0.900000;
	32	1	0	0	0	0	1	1.114352	-10.022565	400	1	1.100000	0.900000;
	33	1	0	0	0	0	1	1.114352	-10.022565	400	1	1.100000	0.900000;
	34	1	0	0	0	0	1	1.102511	-11.324386	400	1	1.100000	0.900000;
	35	1	0	0	0	0	1	1.059487	-13.836584	400	1	1.100000	0.900000;
	36	1	0	0	0	0	1	1.107240	-10.538370	400	1	1.100000	0.900000;
	37	1	0	0	0	0	1	1.090850	-8.754699	400	1	1.100000	0.900000;
	38	2	0	0	0	0	1	1	15.699839	15	1	1.100000	0.900000;
	39	2	0	0	0	0	1	0	7.090076	15	1	1.100000	0.900000;
	40	2	0	0	0	0	1	0	8.856445	15	1	1.100000	0.900000;
	41	2	0	0	0	0	1	1	16.776399	15	1	1.100000	0.900000;
	42	2	0	0	0	0	1	0	0.969292	15	1	1.100000	0.900000;
	43	2	0	0	0	0	1	1	-26.963425	15	1	1.100000	0.900000;
	44	2	0	0	0	0	1	0	-13.739924	15	1	1.100000	0.900000;
	45	2	0	0	0	0	1	1	9.332391	15	1	1.100000	0.900000;
	46	2	0	0	0	0	1	1	14.370923	15	1	1.100000	0.900000;
	47	2	0	0	0	0	1	1	15.525408	15	1	1.100000	0.900000;
	48	2	0	0	0	0	1	1	4.217254	15	1	1.100000	0.900000;
	49	2	0	0	0	0	1	0	-3.936627	15	1	1.100000	0.900000;
	50	2	0	0	0	0	1	0	-7.217417	15	1	1.100000	0.900000;
	51	2	0	0	0	0	1	0	-8.936519	15	1	1.100000	0.900000;
	52	3	0	0	0	0	1	1	0	15	1	1.000000	1.000000;
	53	2	0	0	0	0	1	0	-6.557743	15	1	1.100000	0.900000;
	54	2	0	0	0	0	1	0	-4.615115	15	1	1.100000	0.900000;
	55	2	0	0	0	0	1	1	0.680212	15	1	1.100000	0.900000;
	56	2	0	0	0	0	1	0	-4.579010	15	1	1.100000	0.900000;
	57	2	0	0	0	0	1	1	6.253372	15	1	1.100000	0.900000;
	58	2	0	0	0	0	1	1	6.603881	15	1	1.100000	0.900000;
	59	2	0	0	0	0	1	1	12.988608	15	1	1.100000	0.900000;
	60	2	0	0	0	0	1	0	4.486673	15	1	1.100000	0.900000;
	61	2	0	0	0	0	1	0	-12.476379	15	1	1.100000	0.900000;
];
mpc.gen = [
	52	0	0	1840.000000	-540.000000	1	1	1	2800.000000	10.000000	0	0	0	0	0	0	0	0	0	0	0;
	38	520.000000	0	720.000000	-720.000000	1	100	1	720.000000	10.000000	0	0	0	0	0	0	0	0	0	0	0;
	39	0	0	540.000000	-540.000000	0	100	0	540.000000	10.000000	0	0	0	0	0	0	0	0	0	0	0;
	40	0	0	630.000000	-630.000000	0	100	0	630.000000	10.000000	0	0	0	0	0	0	0	0	0	0	0;
	41	227.499999	0	540.000000	-540.000000	1	100	1	540.000000	10.000000	0	0	0	0	0	0	0	0	0	0	0;
	42	0	0	325.000000	-225.000000	0	100	0	475.000000	10.000000	0	0	0	0	0	0	0	0	0	0	0;
	43	17.722979	0	560.000000	-360.000000	1	100	1	560.000000	10.000000	0	0	0	0	0	0	0	0	0	0	0;
	44	0	0	360.000000	-280.000000	0	100	0	380.000000	10.000000	0	0	0	0	0	0	0	0	0	0	0;
	45	499.608411	0	965.000000	-765.000000	1	100	1	965.000000	10.000000	0	0	0	0	0	0	0	0	0	0	0;
	46	650.000000	0	900.000000	-900.000000	1	100	1	900.000000	10.000000	0	0	0	0	0	0	0	0	0	0	0;
	47	520.000000	0	720.000000	-720.000000	1	100	1	720.000000	10.000000	0	0	0	0	0	0	0	0	0	0	0;
	48	195.000000	0	570.000000	-370.000000	1	100	1	570.000000	10.000000	0	0	0	0	0	0	0	0	0	0	0;
	49	0	0	515.000000	-415.000000	0	100	0	575.000000	10.000000	0	0	0	0	0	0	0	0	0	0	0;
	50	0	0	570.000000	-570.000000	0	100	0	0.000000	-0.000000	0	0	0	0	0	0	0	0	0	0	0;
	51	0	0	630.000000	-630.000000	0	100	0	630.000000	10.000000	0	0	0	0	0	0	0	0	0	0	0;
	53	0	0	580.000000	-540.000000	0	100	0	540.000000	10.000000	0	0	0	0	0	0	0	0	0	0	0;
	54	0	0	630.000000	-630.000000	0	100	0	630.000000	10.000000	0	0	0	0	0	0	0	0	0	0	0;
	55	455.000000	0	630.000000	-630.000000	1	100	1	630.000000	10.000000	0	0	0	0	0	0	0	0	0	0	0;
	56	0	0	540.000000	-540.000000	0	100	0	540.000000	10.000000	0	0	0	0	0	0	0	0	0	0	0;
	57	364.995778	0	540.000000	-540.000000	1	100	1	540.000000	10.000000	0	0	0	0	0	0	0	0	0	0	0;
	58	390.000000	0	540.000000	-540.000000	1	100	1	540.000000	10.000000	0	0	0	0	0	0	0	0	0	0	0;
	59	325.000000	0	520.000000	-450.000000	1	100	1	560.000000	10.000000	0	0	0	0	0	0	0	0	0	0	0;
	60	0	0	4000.000000	-2050.000000	0	100	0	4500.000000	10.000000	0	0	0	0	0	0	0	0	0	0	0;
	61	0	0	250.000000	-250.000000	0	100	0	0.000000	-0.000000	0	0	0	0	0	0	0	0	0	0	0;
];
