function mpc = powergrid
mpc.version = '2';
mpc.baseMVA = 100;
mpc.bus = [
	1	1	451.939426	221.681900	0	-400	1	1.009715	1.604160	130	1	1.100000	0.900000;
	2	1	200.989326	16.196110	0	0	1	1.062071	3.444979	130	1	1.100000	0.900000;
	3	1	559.955650	96.287483	0	0	1	0.993367	1.040433	130	1	1.100000	0.900000;
	4	1	694.913951	284.017511	0	0	1	0.990222	-9.235955	130	1	1.100000	0.900000;
	5	1	264.739088	76.303596	0	0	1	0.987857	-9.741654	130	1	1.100000	0.900000;
	6	1	238.350631	173.641559	0	0	1	0.958397	-6.698866	130	1	1.100000	0.900000;
	7	1	4.081049	-2.159890	0	0	1	1.004022	-5.859247	130	1	1.100000	0.900000;
	8	1	87.514851	62.787305	0	0	1	1.026605	-8.397729	130	1	1.100000	0.900000;
	9	1	54.030569	-18.910524	0	0	1	1.030250	-8.678243	130	1	1.100000	0.900000;
	10	1	638.439200	116.642805	0	0	1	1.031852	-11.069366	220	1	1.100000	0.900000;
	11	1	265.038575	91.394154	0	0	1	0.996446	-3.514888	220	1	1.100000	0.900000;
	12	1	415.130016	129.354807	0	-400	1	0.964044	11.015983	400	1	1.100000	0.900000;
	13	1	216.199686	-98.635043	0	0	1	1.004603	18.901770	400	1	1.100000	0.900000;
	14	1	436.056085	156.939699	0	0	1	1.061737	-10.112296	400	1	1.100000	0.900000;
	15	1	143.048661	-5.170553	0	0	1	1.041349	-6.965255	400	1	1.100000	0.900000;
	16	1	608.956728	395.284980	0	0	1	1.009680	-8.995030	400	1	1.100000	0.900000;
	17	1	182.576738	-70.221441	0	0	1	1.009078	-8.774127	400	1	1.100000	0.900000;
	18	1	458.223966	259.709722	0	0	1	0.993903	-6.812019	400	1	1.100000	0.900000;
	19	1	524.119457	346.417416	0	0	1	0.990428	-8.986488	400	1	1.100000	0.900000;
	20	1	44.615300	28.438832	0	0	1	1.039373	-4.282506	400	1	1.100000	0.900000;
	21	1	324.091064	183.980351	0	0	1	1.018543	-1.046897	400	1	1.100000	0.900000;
	22	1	53.371151	14.435218	0	0	1	1.013395	5.071725	400	1	1.100000	0.900000;
	23	1	0	0	0	-100	1	0.957374	4.187416	400	1	1.100000	0.900000;
	24	1	0	0	0	0	1	1.012495	4.289240	130	1	1.100000	0.900000;
	25	1	0	0	0	0	1	0.993228	-9.262043	130	1	1.100000	0.900000;
	26	1	0	0	0	0	1	0.949589	3.679865	400	1	1.100000	0.900000;
	27	1	0	0	0	0	1	1.034690	-2.766041	400	1	1.100000	0.900000;
	28	1	0	0	0	0	1	0.957882	-5.564075	400	1	1.100000	0.900000;
	29	1	0	0	0	0	1	1.031106	-7.734859	400	1	1.100000	0.900000;
	30	1	0	0	0	0	1	0.961591	-9.913681	400	1	1.100000	0.900000;
	31	1	0	0	0	0	1	1.011579	-8.832106	400	1	1.100000	0.900000;
	32	1	0	0	0	0	1	1.017881	-11.236608	400	1	1.100000	0.900000;
	33	1	0	0	0	0	1	1.017881	-11.236608	400	1	1.100000	0.900000;
	34	1	0	0	0	0	1	1.002192	-6.630037	400	1	1.100000	0.900000;
	35	1	0	0	0	0	1	0.982724	-9.041322	400	1	1.100000	0.900000;
	36	1	0	0	0	0	1	1.035401	-8.481730	400	1	1.100000	0.900000;
	37	1	0	0	0	0	1	1.033626	-8.444252	400	1	1.100000	0.900000;
	38	2	0	0	0	0	1	0	3.444979	15	1	1.100000	0.900000;
	39	2	0	0	0	0	1	1	5.264669	15	1	1.100000	0.900000;
	40	2	0	0	0	0	1	1	7.353576	15	1	1.100000	0.900000;
	41	2	0	0	0	0	1	0	-9.262043	15	1	1.100000	0.900000;
	42	2	0	0	0	0	1	1	-3.907252	15	1	1.100000	0.900000;
	43	2	0	0	0	0	1	1	-0.859927	15	1	1.100000	0.900000;
	44	2	0	0	0	0	1	1	8.747387	15	1	1.100000	0.900000;
	45	2	0	0	0	0	1	1	2.100343	15	1	1.100000	0.900000;
	46	2	0	0	0	0	1	1	9.573153	15	1	1.100000	0.900000;
	47	2	0	0	0	0	1	1	10.032615	15	1	1.100000	0.900000;
	48	2	0	0	0	0	1	1	2.641025	15	1	1.100000	0.900000;
	49	2	0	0	0	0	1	0	-8.832106	15	1	1.100000	0.900000;
	50	2	0	0	0	0	1	0	-10.112296	15	1	1.100000	0.900000;
	51	2	0	0	0	0	1	1	-1.592756	15	1	1.100000	0.900000;
	52	3	0	0	0	0	1	1	0	15	1	1.000000	1.000000;
	53	2	0	0	0	0	1	1	-1.182356	15	1	1.100000	0.900000;
	54	2	0	0	0	0	1	1	-3.336897	15	1	1.100000	0.900000;
	55	2	0	0	0	0	1	0	-8.986488	15	1	1.100000	0.900000;
	56	2	0	0	0	0	1	1	-0.251551	15	1	1.100000	0.900000;
	57	2	0	0	0	0	1	1	10.592762	15	1	1.100000	0.900000;
	58	2	0	0	0	0	1	1	10.592762	15	1	1.100000	0.900000;
	59	2	0	0	0	0	1	0	11.015983	15	1	1.100000	0.900000;
	60	2	0	0	0	0	1	1	21.043081	15	1	1.100000	0.900000;
	61	2	0	0	0	0	1	0	-9.741654	15	1	1.100000	0.900000;
];
mpc.gen = [
	52	0	0	1840.000000	-540.000000	1	1	1	2800.000000	10.000000	0	0	0	0	0	0	0	0	0	0	0;
	38	0	0	720.000000	-720.000000	0	100	0	720.000000	10.000000	0	0	0	0	0	0	0	0	0	0	0;
	39	292.685840	0	540.000000	-540.000000	1	100	1	540.000000	10.000000	0	0	0	0	0	0	0	0	0	0	0;
	40	252.579214	0	630.000000	-630.000000	1	100	1	630.000000	10.000000	0	0	0	0	0	0	0	0	0	0	0;
	41	0	0	540.000000	-540.000000	0	100	0	540.000000	10.000000	0	0	0	0	0	0	0	0	0	0	0;
	42	153.268952	0	325.000000	-225.000000	1	100	1	475.000000	10.000000	0	0	0	0	0	0	0	0	0	0	0;
	43	260.000000	0	560.000000	-360.000000	1	100	1	560.000000	10.000000	0	0	0	0	0	0	0	0	0	0	0;
	44	337.594078	0	360.000000	-280.000000	1	100	1	380.000000	10.000000	0	0	0	0	0	0	0	0	0	0	0;
	45	552.500000	0	965.000000	-765.000000	1	100	1	965.000000	10.000000	0	0	0	0	0	0	0	0	0	0	0;
	46	650.000000	0	900.000000	-900.000000	1	100	1	900.000000	10.000000	0	0	0	0	0	0	0	0	0	0	0;
	47	520.000000	0	720.000000	-720.000000	1	100	1	720.000000	10.000000	0	0	0	0	0	0	0	0	0	0	0;
	48	195.000000	0	570.000000	-370.000000	1	100	1	570.000000	10.000000	0	0	0	0	0	0	0	0	0	0	0;
	49	0	0	515.000000	-415.000000	0	100	0	575.000000	10.000000	0	0	0	0	0	0	0	0	0	0	0;
	50	0	0	570.000000	-570.000000	0	100	0	0.000000	-0.000000	0	0	0	0	0	0	0	0	0	0	0;
	51	455.000000	0	630.000000	-630.000000	1	100	1	630.000000	10.000000	0	0	0	0	0	0	0	0	0	0	0;
	53	390.000000	0	580.000000	-540.000000	1	100	1	540.000000	10.000000	0	0	0	0	0	0	0	0	0	0	0;
	54	455.000000	0	630.000000	-630.000000	1	100	1	630.000000	10.000000	0	0	0	0	0	0	0	0	0	0	0;
	55	0	0	630.000000	-630.000000	0	100	0	630.000000	10.000000	0	0	0	0	0	0	0	0	0	0	0;
	56	56.553398	0	540.000000	-540.000000	1	100	1	540.000000	10.000000	0	0	0	0	0	0	0	0	0	0	0;
	57	390.000000	0	540.000000	-540.000000	1	100	1	540.000000	10.000000	0	0	0	0	0	0	0	0	0	0	0;
	58	390.000000	0	540.000000	-540.000000	1	100	1	540.000000	10.000000	0	0	0	0	0	0	0	0	0	0	0;
	59	0	0	520.000000	-450.000000	0	100	0	560.000000	10.000000	0	0	0	0	0	0	0	0	0	0	0;
	60	1126.199686	0	4000.000000	-2050.000000	1	100	1	4500.000000	10.000000	0	0	0	0	0	0	0	0	0	0	0;
	61	0	0	250.000000	-250.000000	0	100	0	0.000000	-0.000000	0	0	0	0	0	0	0	0	0	0	0;
];
