function mpc = powergrid
mpc.version = '2';
mpc.baseMVA = 100;
mpc.bus = [
	1	1	128.547778	92.975063	0	-400	1	1.038199	21.736479	130	1	1.100000	0.900000;
	2	1	306.571027	40.823703	0	0	1	1.045115	23.298867	130	1	1.100000	0.900000;
	3	1	108.038943	22.853542	0	0	1	1.012685	25.932043	130	1	1.100000	0.900000;
	4	1	73.389221	-47.364046	0	0	1	1.103712	13.407372	130	1	1.100000	0.900000;
	5	1	189.525021	136.872437	0	0	1	0.929796	-3.630722	130	1	1.100000	0.900000;
	6	1	50.248064	19.536712	0	0	1	0.986535	-6.586937	130	1	1.100000	0.900000;
	7	1	164.611139	53.782128	0	0	1	0.947935	-1.191764	130	1	1.100000	0.900000;
	8	1	743.977069	244.994998	0	0	1	1.008095	-4.812534	130	1	1.100000	0.900000;
	9	1	269.171588	149.138485	0	0	1	1.000720	-1.912744	130	1	1.100000	0.900000;
	10	1	18.023401	9.743670	0	0	1	1.078547	9.148647	220	1	1.100000	0.900000;
	11	1	3.118017	2.066811	0	0	1	1.023277	17.218827	220	1	1.100000	0.900000;
	12	1	136.632150	83.217375	0	-400	1	1.030735	19.061714	400	1	1.100000	0.900000;
	13	1	7.788180	1.815561	0	0	1	1.078923	18.732964	400	1	1.100000	0.900000;
	14	1	287.372295	121.544569	0	0	1	1.081095	2.539135	400	1	1.100000	0.900000;
	15	1	600.957489	169.749737	0	0	1	1.030787	-1.804771	400	1	1.100000	0.900000;
	16	1	410.163454	284.182178	0	0	1	1.024788	-5.000653	400	1	1.100000	0.900000;
	17	1	76.516830	-45.318835	0	0	1	1.036936	-6.100207	400	1	1.100000	0.900000;
	18	1	907.333029	-528.935481	0	0	1	1.044455	-7.025680	400	1	1.100000	0.900000;
	19	1	38.915671	28.189602	0	0	1	1.007235	8.528947	400	1	1.100000	0.900000;
	20	1	179.849915	66.603400	0	0	1	1.055137	7.649807	400	1	1.100000	0.900000;
	21	1	1.525897	0.099293	0	0	1	1.042992	11.890863	400	1	1.100000	0.900000;
	22	1	81.990149	55.222602	0	0	1	1.031021	14.438087	400	1	1.100000	0.900000;
	23	1	0	0	0	-100	1	0.962846	21.526163	400	1	1.100000	0.900000;
	24	1	0	0	0	0	1	1.016539	29.133997	130	1	1.100000	0.900000;
	25	1	0	0	0	0	1	1.107063	13.381284	130	1	1.100000	0.900000;
	26	1	0	0	0	0	1	0.970699	21.431484	400	1	1.100000	0.900000;
	27	1	0	0	0	0	1	1.039565	9.379502	400	1	1.100000	0.900000;
	28	1	0	0	0	0	1	1.025972	13.823834	400	1	1.100000	0.900000;
	29	1	0	0	0	0	1	1.052834	5.135086	400	1	1.100000	0.900000;
	30	1	0	0	0	0	1	0.971453	-9.116054	400	1	1.100000	0.900000;
	31	1	0	0	0	0	1	1.049614	7.414725	400	1	1.100000	0.900000;
	32	1	0	0	0	0	1	1.033602	-1.987869	400	1	1.100000	0.900000;
	33	1	0	0	0	0	1	1.033602	-1.987869	400	1	1.100000	0.900000;
	34	1	0	0	0	0	1	1.001487	-6.539337	400	1	1.100000	0.900000;
	35	1	0	0	0	0	1	0.973661	-7.899195	400	1	1.100000	0.900000;
	36	1	0	0	0	0	1	1.025404	-2.863773	400	1	1.100000	0.900000;
	37	1	0	0	0	0	1	1.013688	-0.905615	400	1	1.100000	0.900000;
	38	2	0	0	0	0	1	1	28.651841	15	1	1.100000	0.900000;
	39	2	0	0	0	0	1	1	27.167625	15	1	1.100000	0.900000;
	40	2	0	0	0	0	1	1	34.638018	15	1	1.100000	0.900000;
	41	2	0	0	0	0	1	0	13.381284	15	1	1.100000	0.900000;
	42	2	0	0	0	0	1	0	13.407372	15	1	1.100000	0.900000;
	43	2	0	0	0	0	1	0	-6.586937	15	1	1.100000	0.900000;
	44	2	0	0	0	0	1	1	15.440997	15	1	1.100000	0.900000;
	45	2	0	0	0	0	1	1	20.462689	15	1	1.100000	0.900000;
	46	2	0	0	0	0	1	1	27.196167	15	1	1.100000	0.900000;
	47	2	0	0	0	0	1	0	21.526163	15	1	1.100000	0.900000;
	48	2	0	0	0	0	1	1	14.761139	15	1	1.100000	0.900000;
	49	2	0	0	0	0	1	0	7.414725	15	1	1.100000	0.900000;
	50	2	0	0	0	0	1	0	2.539135	15	1	1.100000	0.900000;
	51	2	0	0	0	0	1	1	3.622943	15	1	1.100000	0.900000;
	52	3	0	0	0	0	1	1	0	15	1	1.000000	1.000000;
	53	2	0	0	0	0	1	1	-5.557772	15	1	1.100000	0.900000;
	54	2	0	0	0	0	1	1	14.083970	15	1	1.100000	0.900000;
	55	2	0	0	0	0	1	0	8.528947	15	1	1.100000	0.900000;
	56	2	0	0	0	0	1	1	17.254767	15	1	1.100000	0.900000;
	57	2	0	0	0	0	1	0	14.438087	15	1	1.100000	0.900000;
	58	2	0	0	0	0	1	1	19.864453	15	1	1.100000	0.900000;
	59	2	0	0	0	0	1	0	19.061714	15	1	1.100000	0.900000;
	60	2	0	0	0	0	1	0	18.732964	15	1	1.100000	0.900000;
	61	2	0	0	0	0	1	0	-3.630722	15	1	1.100000	0.900000;
];
mpc.gen = [
	52	0	0	1840.000000	-540.000000	1	1	1	2800.000000	10.000000	0	0	0	0	0	0	0	0	0	0	0;
	38	520.000000	0	720.000000	-720.000000	1	100	1	720.000000	10.000000	0	0	0	0	0	0	0	0	0	0	0;
	39	87.347361	0	540.000000	-540.000000	1	100	1	540.000000	10.000000	0	0	0	0	0	0	0	0	0	0	0;
	40	455.000000	0	630.000000	-630.000000	1	100	1	630.000000	10.000000	0	0	0	0	0	0	0	0	0	0	0;
	41	0	0	540.000000	-540.000000	0	100	0	540.000000	10.000000	0	0	0	0	0	0	0	0	0	0	0;
	42	0	0	325.000000	-225.000000	0	100	0	475.000000	10.000000	0	0	0	0	0	0	0	0	0	0	0;
	43	0	0	560.000000	-360.000000	0	100	0	560.000000	10.000000	0	0	0	0	0	0	0	0	0	0	0;
	44	361.777658	0	360.000000	-280.000000	1	100	1	380.000000	10.000000	0	0	0	0	0	0	0	0	0	0	0;
	45	328.118017	0	965.000000	-765.000000	1	100	1	965.000000	10.000000	0	0	0	0	0	0	0	0	0	0	0;
	46	650.000000	0	900.000000	-900.000000	1	100	1	900.000000	10.000000	0	0	0	0	0	0	0	0	0	0	0;
	47	0	0	720.000000	-720.000000	0	100	0	720.000000	10.000000	0	0	0	0	0	0	0	0	0	0	0;
	48	195.000000	0	570.000000	-370.000000	1	100	1	570.000000	10.000000	0	0	0	0	0	0	0	0	0	0	0;
	49	0	0	515.000000	-415.000000	0	100	0	575.000000	10.000000	0	0	0	0	0	0	0	0	0	0	0;
	50	0	0	570.000000	-570.000000	0	100	0	0.000000	-0.000000	0	0	0	0	0	0	0	0	0	0	0;
	51	455.000000	0	630.000000	-630.000000	1	100	1	630.000000	10.000000	0	0	0	0	0	0	0	0	0	0	0;
	53	107.023293	0	580.000000	-540.000000	1	100	1	540.000000	10.000000	0	0	0	0	0	0	0	0	0	0	0;
	54	455.000000	0	630.000000	-630.000000	1	100	1	630.000000	10.000000	0	0	0	0	0	0	0	0	0	0	0;
	55	0	0	630.000000	-630.000000	0	100	0	630.000000	10.000000	0	0	0	0	0	0	0	0	0	0	0;
	56	390.000000	0	540.000000	-540.000000	1	100	1	540.000000	10.000000	0	0	0	0	0	0	0	0	0	0	0;
	57	0	0	540.000000	-540.000000	0	100	0	540.000000	10.000000	0	0	0	0	0	0	0	0	0	0	0;
	58	390.000000	0	540.000000	-540.000000	1	100	1	540.000000	10.000000	0	0	0	0	0	0	0	0	0	0	0;
	59	0	0	520.000000	-450.000000	0	100	0	560.000000	10.000000	0	0	0	0	0	0	0	0	0	0	0;
	60	0	0	4000.000000	-2050.000000	0	100	0	4500.000000	10.000000	0	0	0	0	0	0	0	0	0	0	0;
	61	0	0	250.000000	-250.000000	0	100	0	0.000000	-0.000000	0	0	0	0	0	0	0	0	0	0	0;
];
