function mpc = powergrid
mpc.version = '2';
mpc.baseMVA = 100;
mpc.bus = [
	1	1	360.221864	198.417344	0	-400	1	1.038865	18.185889	130	1	1.100000	0.900000;
	2	1	28.823722	17.819242	0	0	1	1.091707	19.353555	130	1	1.100000	0.900000;
	3	1	133.043938	-53.404527	0	0	1	1.037184	21.932235	130	1	1.100000	0.900000;
	4	1	463.276500	210.583564	0	0	1	1.017955	13.994892	130	1	1.100000	0.900000;
	5	1	26.785509	2.470194	0	0	1	0.964974	-7.802695	130	1	1.100000	0.900000;
	6	1	110.691251	43.052543	0	0	1	0.978399	-10.034668	130	1	1.100000	0.900000;
	7	1	584.142426	352.074479	0	0	1	0.929439	-8.703158	130	1	1.100000	0.900000;
	8	1	6.918559	3.279030	0	0	1	1.030735	-3.929604	130	1	1.100000	0.900000;
	9	1	191.912377	105.121097	0	0	1	1.037202	-5.114039	130	1	1.100000	0.900000;
	10	1	43.041002	5.816059	0	0	1	1.085102	1.906610	220	1	1.100000	0.900000;
	11	1	384.153764	186.195716	0	0	1	0.992289	-5.443452	220	1	1.100000	0.900000;
	12	1	560.426225	211.865856	0	-400	1	1.003266	14.825059	400	1	1.100000	0.900000;
	13	1	50.860140	-28.514965	0	0	1	1.053966	14.117547	400	1	1.100000	0.900000;
	14	1	30.629517	4.562396	0	0	1	1.107180	-1.156658	400	1	1.100000	0.900000;
	15	1	201.467105	109.351136	0	0	1	1.038340	-0.333730	400	1	1.100000	0.900000;
	16	1	167.829159	-117.139054	0	0	1	1.035780	-2.318457	400	1	1.100000	0.900000;
	17	1	106.482737	63.926704	0	0	1	1.022845	-2.296383	400	1	1.100000	0.900000;
	18	1	325.641386	224.699893	0	0	1	1.007889	-1.423420	400	1	1.100000	0.900000;
	19	1	254.385035	-144.414266	0	0	1	1.051862	-2.197511	400	1	1.100000	0.900000;
	20	1	135.132152	31.073847	0	0	1	1.058622	-7.233055	400	1	1.100000	0.900000;
	21	1	438.891785	254.749319	0	0	1	1.030220	-8.652689	400	1	1.100000	0.900000;
	22	1	202.081929	145.272623	0	0	1	1.013735	-7.001277	400	1	1.100000	0.900000;
	23	1	0	0	0	-100	1	0.981938	19.240254	400	1	1.100000	0.900000;
	24	1	0	0	0	0	1	1.057031	20.989123	130	1	1.100000	0.900000;
	25	1	0	0	0	0	1	1.004461	27.034330	130	1	1.100000	0.900000;
	26	1	0	0	0	0	1	0.973565	18.852403	400	1	1.100000	0.900000;
	27	1	0	0	0	0	1	1.045566	12.304585	400	1	1.100000	0.900000;
	28	1	0	0	0	0	1	0.992372	12.721355	400	1	1.100000	0.900000;
	29	1	0	0	0	0	1	1.077511	4.499410	400	1	1.100000	0.900000;
	30	1	0	0	0	0	1	1.038340	-0.333730	400	1	1.100000	0.900000;
	31	1	0	0	0	0	1	1.055565	4.054958	400	1	1.100000	0.900000;
	32	1	0	0	0	0	1	1.076928	-5.686040	400	1	1.100000	0.900000;
	33	1	0	0	0	0	1	1.076928	-5.686040	400	1	1.100000	0.900000;
	34	1	0	0	0	0	1	0.989339	-4.035251	400	1	1.100000	0.900000;
	35	1	0	0	0	0	1	1.191776	4.043573	400	1	1.100000	0.900000;
	36	1	0	0	0	0	1	1.043825	-3.084946	400	1	1.100000	0.900000;
	37	1	0	0	0	0	1	1.048431	-4.280851	400	1	1.100000	0.900000;
	38	2	0	0	0	0	1	0	19.353555	15	1	1.100000	0.900000;
	39	2	0	0	0	0	1	1	27.326261	15	1	1.100000	0.900000;
	40	2	0	0	0	0	1	0	20.989123	15	1	1.100000	0.900000;
	41	2	0	0	0	0	1	1	30.280293	15	1	1.100000	0.900000;
	42	2	0	0	0	0	1	1	29.156685	15	1	1.100000	0.900000;
	43	2	0	0	0	0	1	0	-10.034668	15	1	1.100000	0.900000;
	44	2	0	0	0	0	1	1	5.137090	15	1	1.100000	0.900000;
	45	2	0	0	0	0	1	1	-4.840690	15	1	1.100000	0.900000;
	46	2	0	0	0	0	1	1	24.600063	15	1	1.100000	0.900000;
	47	2	0	0	0	0	1	1	24.938740	15	1	1.100000	0.900000;
	48	2	0	0	0	0	1	1	17.655242	15	1	1.100000	0.900000;
	49	2	0	0	0	0	1	0	4.054958	15	1	1.100000	0.900000;
	50	2	0	0	0	0	1	0	-1.156658	15	1	1.100000	0.900000;
	51	2	0	0	0	0	1	1	5.054380	15	1	1.100000	0.900000;
	52	3	0	0	0	0	1	1	0	15	1	1.000000	1.000000;
	53	2	0	0	0	0	1	1	4.127873	15	1	1.100000	0.900000;
	54	2	0	0	0	0	1	0	-2.197511	15	1	1.100000	0.900000;
	55	2	0	0	0	0	1	1	3.121134	15	1	1.100000	0.900000;
	56	2	0	0	0	0	1	0	-8.652689	15	1	1.100000	0.900000;
	57	2	0	0	0	0	1	1	-1.482097	15	1	1.100000	0.900000;
	58	2	0	0	0	0	1	0	-7.001277	15	1	1.100000	0.900000;
	59	2	0	0	0	0	1	1	20.402016	15	1	1.100000	0.900000;
	60	2	0	0	0	0	1	0	14.117547	15	1	1.100000	0.900000;
	61	2	0	0	0	0	1	0	-7.802695	15	1	1.100000	0.900000;
];
mpc.gen = [
	52	0	0	1840.000000	-540.000000	1	1	1	2800.000000	10.000000	0	0	0	0	0	0	0	0	0	0	0;
	38	0	0	720.000000	-720.000000	0	100	0	720.000000	10.000000	0	0	0	0	0	0	0	0	0	0	0;
	39	390.000000	0	540.000000	-540.000000	1	100	1	540.000000	10.000000	0	0	0	0	0	0	0	0	0	0	0;
	40	0	0	630.000000	-630.000000	0	100	0	630.000000	10.000000	0	0	0	0	0	0	0	0	0	0	0;
	41	227.499999	0	540.000000	-540.000000	1	100	1	540.000000	10.000000	0	0	0	0	0	0	0	0	0	0	0;
	42	443.736035	0	325.000000	-225.000000	1	100	1	475.000000	10.000000	0	0	0	0	0	0	0	0	0	0	0;
	43	0	0	560.000000	-360.000000	0	100	0	560.000000	10.000000	0	0	0	0	0	0	0	0	0	0	0;
	44	296.448286	0	360.000000	-280.000000	1	100	1	380.000000	10.000000	0	0	0	0	0	0	0	0	0	0	0;
	45	59.153765	0	965.000000	-765.000000	1	100	1	965.000000	10.000000	0	0	0	0	0	0	0	0	0	0	0;
	46	650.000000	0	900.000000	-900.000000	1	100	1	900.000000	10.000000	0	0	0	0	0	0	0	0	0	0	0;
	47	520.000000	0	720.000000	-720.000000	1	100	1	720.000000	10.000000	0	0	0	0	0	0	0	0	0	0	0;
	48	195.000000	0	570.000000	-370.000000	1	100	1	570.000000	10.000000	0	0	0	0	0	0	0	0	0	0	0;
	49	0	0	515.000000	-415.000000	0	100	0	575.000000	10.000000	0	0	0	0	0	0	0	0	0	0	0;
	50	0	0	570.000000	-570.000000	0	100	0	0.000000	-0.000000	0	0	0	0	0	0	0	0	0	0	0;
	51	455.000000	0	630.000000	-630.000000	1	100	1	630.000000	10.000000	0	0	0	0	0	0	0	0	0	0	0;
	53	390.000000	0	580.000000	-540.000000	1	100	1	540.000000	10.000000	0	0	0	0	0	0	0	0	0	0	0;
	54	0	0	630.000000	-630.000000	0	100	0	630.000000	10.000000	0	0	0	0	0	0	0	0	0	0	0;
	55	455.000000	0	630.000000	-630.000000	1	100	1	630.000000	10.000000	0	0	0	0	0	0	0	0	0	0	0;
	56	0	0	540.000000	-540.000000	0	100	0	540.000000	10.000000	0	0	0	0	0	0	0	0	0	0	0;
	57	390.000000	0	540.000000	-540.000000	1	100	1	540.000000	10.000000	0	0	0	0	0	0	0	0	0	0	0;
	58	0	0	540.000000	-540.000000	0	100	0	540.000000	10.000000	0	0	0	0	0	0	0	0	0	0	0;
	59	325.000000	0	520.000000	-450.000000	1	100	1	560.000000	10.000000	0	0	0	0	0	0	0	0	0	0	0;
	60	0	0	4000.000000	-2050.000000	0	100	0	4500.000000	10.000000	0	0	0	0	0	0	0	0	0	0	0;
	61	0	0	250.000000	-250.000000	0	100	0	0.000000	-0.000000	0	0	0	0	0	0	0	0	0	0	0;
];
