function mpc = powergrid
mpc.version = '2';
mpc.baseMVA = 100;
mpc.bus = [
	1	1	52.783695	25.052384	0	-400	1	1.043663	12.463968	130	1	1.100000	0.900000;
	2	1	142.405469	-83.129576	0	0	1	1.086544	12.729034	130	1	1.100000	0.900000;
	3	1	278.413425	135.428087	0	0	1	1.004405	13.692111	130	1	1.100000	0.900000;
	4	1	101.323643	73.948840	0	0	1	1.034856	14.212407	130	1	1.100000	0.900000;
	5	1	45.625920	22.035763	0	0	1	1.013769	-1.317111	130	1	1.100000	0.900000;
	6	1	79.750809	22.524202	0	0	1	1.012568	7.064578	130	1	1.100000	0.900000;
	7	1	244.192023	87.473316	0	0	1	0.999393	0.237415	130	1	1.100000	0.900000;
	8	1	321.597958	107.831312	0	0	1	1.059045	-2.543955	130	1	1.100000	0.900000;
	9	1	162.901982	-51.699232	0	0	1	1.059760	-2.776681	130	1	1.100000	0.900000;
	10	1	257.574826	175.978660	0	0	1	1.049704	2.264415	220	1	1.100000	0.900000;
	11	1	193.543209	135.052463	0	0	1	0.996247	10.756222	220	1	1.100000	0.900000;
	12	1	465.779726	34.444096	0	-400	1	0.971569	-0.460482	400	1	1.100000	0.900000;
	13	1	1016.640976	603.421772	0	0	1	0.982820	-7.248573	400	1	1.100000	0.900000;
	14	1	378.297778	203.427478	0	0	1	1.082102	-2.496764	400	1	1.100000	0.900000;
	15	1	231.004510	153.854967	0	0	1	1.081848	-1.592678	400	1	1.100000	0.900000;
	16	1	1.974207	0.576406	0	0	1	1.061656	-1.808561	400	1	1.100000	0.900000;
	17	1	37.166219	21.456711	0	0	1	1.048322	-1.754648	400	1	1.100000	0.900000;
	18	1	436.017904	174.043531	0	0	1	1.025500	-1.398989	400	1	1.100000	0.900000;
	19	1	482.578425	360.319003	0	0	1	1.005072	-3.401148	400	1	1.100000	0.900000;
	20	1	400.830766	133.022810	0	0	1	1.032708	-2.798616	400	1	1.100000	0.900000;
	21	1	526.160718	68.193124	0	0	1	1.027495	1.318629	400	1	1.100000	0.900000;
	22	1	176.827532	19.519823	0	0	1	1.017146	6.370343	400	1	1.100000	0.900000;
	23	1	0	0	0	-100	1	0.976669	12.714271	400	1	1.100000	0.900000;
	24	1	0	0	0	0	1	1.022059	16.795803	130	1	1.100000	0.900000;
	25	1	0	0	0	0	1	1.037997	14.186319	130	1	1.100000	0.900000;
	26	1	0	0	0	0	1	0.971788	12.489627	400	1	1.100000	0.900000;
	27	1	0	0	0	0	1	1.058130	5.140830	400	1	1.100000	0.900000;
	28	1	0	0	0	0	1	0.989039	11.865788	400	1	1.100000	0.900000;
	29	1	0	0	0	0	1	1.062735	1.308304	400	1	1.100000	0.900000;
	30	1	0	0	0	0	1	1.017359	-5.886374	400	1	1.100000	0.900000;
	31	1	0	0	0	0	1	1.039675	1.904920	400	1	1.100000	0.900000;
	32	1	0	0	0	0	1	1.041704	-6.452263	400	1	1.100000	0.900000;
	33	1	0	0	0	0	1	1.041704	-6.452263	400	1	1.100000	0.900000;
	34	1	0	0	0	0	1	1.057629	-3.408211	400	1	1.100000	0.900000;
	35	1	0	0	0	0	1	1.023440	-4.287001	400	1	1.100000	0.900000;
	36	1	0	0	0	0	1	1.070848	-2.167887	400	1	1.100000	0.900000;
	37	1	0	0	0	0	1	1.062575	-2.593218	400	1	1.100000	0.900000;
	38	2	0	0	0	0	1	0	12.729034	15	1	1.100000	0.900000;
	39	2	0	0	0	0	1	1	15.099611	15	1	1.100000	0.900000;
	40	2	0	0	0	0	1	1	21.345225	15	1	1.100000	0.900000;
	41	2	0	0	0	0	1	0	14.186319	15	1	1.100000	0.900000;
	42	2	0	0	0	0	1	1	30.198301	15	1	1.100000	0.900000;
	43	2	0	0	0	0	1	1	12.590141	15	1	1.100000	0.900000;
	44	2	0	0	0	0	1	1	16.806606	15	1	1.100000	0.900000;
	45	2	0	0	0	0	1	1	16.026386	15	1	1.100000	0.900000;
	46	2	0	0	0	0	1	1	18.247828	15	1	1.100000	0.900000;
	47	2	0	0	0	0	1	1	18.443600	15	1	1.100000	0.900000;
	48	2	0	0	0	0	1	1	10.427774	15	1	1.100000	0.900000;
	49	2	0	0	0	0	1	0	1.904920	15	1	1.100000	0.900000;
	50	2	0	0	0	0	1	0	-2.496764	15	1	1.100000	0.900000;
	51	2	0	0	0	0	1	0	-1.592678	15	1	1.100000	0.900000;
	52	3	0	0	0	0	1	1	0	15	1	1.000000	1.000000;
	53	2	0	0	0	0	1	1	4.056682	15	1	1.100000	0.900000;
	54	2	0	0	0	0	1	1	1.239524	15	1	1.100000	0.900000;
	55	2	0	0	0	0	1	0	-3.401148	15	1	1.100000	0.900000;
	56	2	0	0	0	0	1	1	6.763672	15	1	1.100000	0.900000;
	57	2	0	0	0	0	1	1	11.870956	15	1	1.100000	0.900000;
	58	2	0	0	0	0	1	1	11.870956	15	1	1.100000	0.900000;
	59	2	0	0	0	0	1	1	5.299023	15	1	1.100000	0.900000;
	60	2	0	0	0	0	1	1	-6.697945	15	1	1.100000	0.900000;
	61	2	0	0	0	0	1	0	-1.317111	15	1	1.100000	0.900000;
];
mpc.gen = [
	52	0	0	1840.000000	-540.000000	1	1	1	2800.000000	10.000000	0	0	0	0	0	0	0	0	0	0	0;
	38	0	0	720.000000	-720.000000	0	100	0	720.000000	10.000000	0	0	0	0	0	0	0	0	0	0	0;
	39	98.684992	0	540.000000	-540.000000	1	100	1	540.000000	10.000000	0	0	0	0	0	0	0	0	0	0	0;
	40	378.313037	0	630.000000	-630.000000	1	100	1	630.000000	10.000000	0	0	0	0	0	0	0	0	0	0	0;
	41	0	0	540.000000	-540.000000	0	100	0	540.000000	10.000000	0	0	0	0	0	0	0	0	0	0	0;
	42	475.000000	0	325.000000	-225.000000	1	100	1	475.000000	10.000000	0	0	0	0	0	0	0	0	0	0	0;
	43	260.000000	0	560.000000	-360.000000	1	100	1	560.000000	10.000000	0	0	0	0	0	0	0	0	0	0	0;
	44	380.000000	0	360.000000	-280.000000	1	100	1	380.000000	10.000000	0	0	0	0	0	0	0	0	0	0	0;
	45	518.543208	0	965.000000	-765.000000	1	100	1	965.000000	10.000000	0	0	0	0	0	0	0	0	0	0	0;
	46	650.000000	0	900.000000	-900.000000	1	100	1	900.000000	10.000000	0	0	0	0	0	0	0	0	0	0	0;
	47	520.000000	0	720.000000	-720.000000	1	100	1	720.000000	10.000000	0	0	0	0	0	0	0	0	0	0	0;
	48	195.000000	0	570.000000	-370.000000	1	100	1	570.000000	10.000000	0	0	0	0	0	0	0	0	0	0	0;
	49	0	0	515.000000	-415.000000	0	100	0	575.000000	10.000000	0	0	0	0	0	0	0	0	0	0	0;
	50	0	0	570.000000	-570.000000	0	100	0	0.000000	-0.000000	0	0	0	0	0	0	0	0	0	0	0;
	51	0	0	630.000000	-630.000000	0	100	0	630.000000	10.000000	0	0	0	0	0	0	0	0	0	0	0;
	53	390.000000	0	580.000000	-540.000000	1	100	1	540.000000	10.000000	0	0	0	0	0	0	0	0	0	0	0;
	54	379.471038	0	630.000000	-630.000000	1	100	1	630.000000	10.000000	0	0	0	0	0	0	0	0	0	0	0;
	55	0	0	630.000000	-630.000000	0	100	0	630.000000	10.000000	0	0	0	0	0	0	0	0	0	0	0;
	56	390.000000	0	540.000000	-540.000000	1	100	1	540.000000	10.000000	0	0	0	0	0	0	0	0	0	0	0;
	57	390.000000	0	540.000000	-540.000000	1	100	1	540.000000	10.000000	0	0	0	0	0	0	0	0	0	0	0;
	58	390.000000	0	540.000000	-540.000000	1	100	1	540.000000	10.000000	0	0	0	0	0	0	0	0	0	0	0;
	59	325.000000	0	520.000000	-450.000000	1	100	1	560.000000	10.000000	0	0	0	0	0	0	0	0	0	0	0;
	60	283.379444	0	4000.000000	-2050.000000	1	100	1	4500.000000	10.000000	0	0	0	0	0	0	0	0	0	0	0;
	61	0	0	250.000000	-250.000000	0	100	0	0.000000	-0.000000	0	0	0	0	0	0	0	0	0	0	0;
];
