function mpc = powergrid
mpc.version = '2';
mpc.baseMVA = 100;
mpc.bus = [
	1	1	377.528471	263.632107	0	-400	1	0.983937	9.753661	130	1	1.100000	0.900000;
	2	1	511.704426	270.472501	0	0	1	1.008466	12.261688	130	1	1.100000	0.900000;
	3	1	263.021610	185.500531	0	0	1	0.974297	14.662498	130	1	1.100000	0.900000;
	4	1	270.871715	170.620458	0	0	1	0.987747	7.983282	130	1	1.100000	0.900000;
	5	1	249.823050	103.191247	0	0	1	0.928844	-7.207145	130	1	1.100000	0.900000;
	6	1	197.008434	-146.002885	0	0	1	1.043428	0.673421	130	1	1.100000	0.900000;
	7	1	257.421102	182.230341	0	0	1	0.936504	-4.447783	130	1	1.100000	0.900000;
	8	1	671.284248	75.822258	0	0	1	1.007325	-4.515584	130	1	1.100000	0.900000;
	9	1	410.829207	148.935903	0	0	1	1.006170	-3.604337	130	1	1.100000	0.900000;
	10	1	23.162943	9.810613	0	0	1	1.052187	6.187758	220	1	1.100000	0.900000;
	11	1	103.395736	32.144886	0	0	1	1.011213	14.450326	220	1	1.100000	0.900000;
	12	1	635.328868	381.435355	0	-400	1	0.931289	-3.759872	400	1	1.100000	0.900000;
	13	1	824.967637	272.627385	0	0	1	0.985505	-9.630726	400	1	1.100000	0.900000;
	14	1	633.448556	220.535732	0	0	1	1.056424	-1.753793	400	1	1.100000	0.900000;
	15	1	128.611909	63.167673	0	0	1	1.029480	0.297015	400	1	1.100000	0.900000;
	16	1	279.837420	172.009594	0	0	1	1.001408	-2.477264	400	1	1.100000	0.900000;
	17	1	252.346916	179.617262	0	0	1	0.985414	-3.016236	400	1	1.100000	0.900000;
	18	1	307.839961	222.595863	0	0	1	0.986280	-1.731668	400	1	1.100000	0.900000;
	19	1	80.192760	28.050760	0	0	1	1.019937	1.939544	400	1	1.100000	0.900000;
	20	1	225.532076	-95.001649	0	0	1	1.071706	2.406201	400	1	1.100000	0.900000;
	21	1	290.638618	-118.383676	0	0	1	1.047765	6.789105	400	1	1.100000	0.900000;
	22	1	248.032123	156.238178	0	0	1	1.017071	11.277141	400	1	1.100000	0.900000;
	23	1	0	0	0	-100	1	0.929799	11.313348	400	1	1.100000	0.900000;
	24	1	0	0	0	0	1	0.995017	17.935251	130	1	1.100000	0.900000;
	25	1	0	0	0	0	1	0.998383	21.294519	130	1	1.100000	0.900000;
	26	1	0	0	0	0	1	0.930763	10.437577	400	1	1.100000	0.900000;
	27	1	0	0	0	0	1	1.030460	5.955911	400	1	1.100000	0.900000;
	28	1	0	0	0	0	1	0.947741	8.334464	400	1	1.100000	0.900000;
	29	1	0	0	0	0	1	1.033881	3.115065	400	1	1.100000	0.900000;
	30	1	0	0	0	0	1	0.951020	-3.632860	400	1	1.100000	0.900000;
	31	1	0	0	0	0	1	1.021147	4.390120	400	1	1.100000	0.900000;
	32	1	0	0	0	0	1	1.020441	-7.300782	400	1	1.100000	0.900000;
	33	1	0	0	0	0	1	1.020441	-7.300782	400	1	1.100000	0.900000;
	34	1	0	0	0	0	1	0.992869	-1.724452	400	1	1.100000	0.900000;
	35	1	0	0	0	0	1	0.968457	-6.321657	400	1	1.100000	0.900000;
	36	1	0	0	0	0	1	1.019777	-2.686864	400	1	1.100000	0.900000;
	37	1	0	0	0	0	1	1.019145	-2.217811	400	1	1.100000	0.900000;
	38	2	0	0	0	0	1	1	17.809794	15	1	1.100000	0.900000;
	39	2	0	0	0	0	1	1	18.532338	15	1	1.100000	0.900000;
	40	2	0	0	0	0	1	1	23.393385	15	1	1.100000	0.900000;
	41	2	0	0	0	0	1	1	24.560262	15	1	1.100000	0.900000;
	42	2	0	0	0	0	1	0	7.983282	15	1	1.100000	0.900000;
	43	2	0	0	0	0	1	1	6.035074	15	1	1.100000	0.900000;
	44	2	0	0	0	0	1	1	13.269679	15	1	1.100000	0.900000;
	45	2	0	0	0	0	1	1	18.737799	15	1	1.100000	0.900000;
	46	2	0	0	0	0	1	1	16.450497	15	1	1.100000	0.900000;
	47	2	0	0	0	0	1	1	17.332531	15	1	1.100000	0.900000;
	48	2	0	0	0	0	1	1	11.385241	15	1	1.100000	0.900000;
	49	2	0	0	0	0	1	1	11.829110	15	1	1.100000	0.900000;
	50	2	0	0	0	0	1	0	-1.753793	15	1	1.100000	0.900000;
	51	2	0	0	0	0	1	1	5.731638	15	1	1.100000	0.900000;
	52	3	0	0	0	0	1	1	0	15	1	1.000000	1.000000;
	53	2	0	0	0	0	1	1	3.941650	15	1	1.100000	0.900000;
	54	2	0	0	0	0	1	1	7.425173	15	1	1.100000	0.900000;
	55	2	0	0	0	0	1	0	1.939544	15	1	1.100000	0.900000;
	56	2	0	0	0	0	1	1	12.128499	15	1	1.100000	0.900000;
	57	2	0	0	0	0	1	1	16.778165	15	1	1.100000	0.900000;
	58	2	0	0	0	0	1	1	16.778165	15	1	1.100000	0.900000;
	59	2	0	0	0	0	1	1	2.249639	15	1	1.100000	0.900000;
	60	2	0	0	0	0	1	1	-9.158376	15	1	1.100000	0.900000;
	61	2	0	0	0	0	1	0	-7.207145	15	1	1.100000	0.900000;
];
mpc.gen = [
	52	0	0	1840.000000	-540.000000	1	1	1	2800.000000	10.000000	0	0	0	0	0	0	0	0	0	0	0;
	38	520.000000	0	720.000000	-720.000000	1	100	1	720.000000	10.000000	0	0	0	0	0	0	0	0	0	0	0;
	39	263.021614	0	540.000000	-540.000000	1	100	1	540.000000	10.000000	0	0	0	0	0	0	0	0	0	0	0;
	40	441.665250	0	630.000000	-630.000000	1	100	1	630.000000	10.000000	0	0	0	0	0	0	0	0	0	0	0;
	41	227.500000	0	540.000000	-540.000000	1	100	1	540.000000	10.000000	0	0	0	0	0	0	0	0	0	0	0;
	42	0	0	325.000000	-225.000000	0	100	0	475.000000	10.000000	0	0	0	0	0	0	0	0	0	0	0;
	43	260.000000	0	560.000000	-360.000000	1	100	1	560.000000	10.000000	0	0	0	0	0	0	0	0	0	0	0;
	44	380.000000	0	360.000000	-280.000000	1	100	1	380.000000	10.000000	0	0	0	0	0	0	0	0	0	0	0;
	45	428.395736	0	965.000000	-765.000000	1	100	1	965.000000	10.000000	0	0	0	0	0	0	0	0	0	0	0;
	46	650.000000	0	900.000000	-900.000000	1	100	1	900.000000	10.000000	0	0	0	0	0	0	0	0	0	0	0;
	47	520.000000	0	720.000000	-720.000000	1	100	1	720.000000	10.000000	0	0	0	0	0	0	0	0	0	0	0;
	48	195.000000	0	570.000000	-370.000000	1	100	1	570.000000	10.000000	0	0	0	0	0	0	0	0	0	0	0;
	49	308.487023	0	515.000000	-415.000000	1	100	1	575.000000	10.000000	0	0	0	0	0	0	0	0	0	0	0;
	50	0	0	570.000000	-570.000000	0	100	0	0.000000	-0.000000	0	0	0	0	0	0	0	0	0	0	0;
	51	455.000000	0	630.000000	-630.000000	1	100	1	630.000000	10.000000	0	0	0	0	0	0	0	0	0	0	0;
	53	390.000000	0	580.000000	-540.000000	1	100	1	540.000000	10.000000	0	0	0	0	0	0	0	0	0	0	0;
	54	455.000000	0	630.000000	-630.000000	1	100	1	630.000000	10.000000	0	0	0	0	0	0	0	0	0	0	0;
	55	0	0	630.000000	-630.000000	0	100	0	630.000000	10.000000	0	0	0	0	0	0	0	0	0	0	0;
	56	390.000000	0	540.000000	-540.000000	1	100	1	540.000000	10.000000	0	0	0	0	0	0	0	0	0	0	0;
	57	390.000000	0	540.000000	-540.000000	1	100	1	540.000000	10.000000	0	0	0	0	0	0	0	0	0	0	0;
	58	390.000000	0	540.000000	-540.000000	1	100	1	540.000000	10.000000	0	0	0	0	0	0	0	0	0	0	0;
	59	325.000000	0	520.000000	-450.000000	1	100	1	560.000000	10.000000	0	0	0	0	0	0	0	0	0	0	0;
	60	243.758163	0	4000.000000	-2050.000000	1	100	1	4500.000000	10.000000	0	0	0	0	0	0	0	0	0	0	0;
	61	0	0	250.000000	-250.000000	0	100	0	0.000000	-0.000000	0	0	0	0	0	0	0	0	0	0	0;
];
