function mpc = powergrid
mpc.version = '2';
mpc.baseMVA = 100;
mpc.bus = [
	1	1	152.894560	59.204817	0	-400	1	1.001187	18.190524	130	1	1.100000	0.900000;
	2	1	21.166295	13.652010	0	0	1	1.023057	22.612348	130	1	1.100000	0.900000;
	3	1	378.665589	220.584530	0	0	1	0.949059	15.459251	130	1	1.100000	0.900000;
	4	1	259.752740	57.474686	0	0	1	1.012737	13.594753	130	1	1.100000	0.900000;
	5	1	377.867593	155.068839	0	0	1	0.932752	-18.507862	130	1	1.100000	0.900000;
	6	1	382.229416	226.059685	0	0	1	0.928762	-18.483702	130	1	1.100000	0.900000;
	7	1	312.865981	6.957923	0	0	1	0.964876	-14.849612	130	1	1.100000	0.900000;
	8	1	264.199821	99.521652	0	0	1	1.010639	-11.509232	130	1	1.100000	0.900000;
	9	1	275.462053	66.404966	0	0	1	1.011442	-12.484703	130	1	1.100000	0.900000;
	10	1	201.893886	89.159173	0	0	1	1.036562	1.269426	220	1	1.100000	0.900000;
	11	1	44.665267	7.681636	0	0	1	1.005803	9.624947	220	1	1.100000	0.900000;
	12	1	386.242915	108.171897	0	-400	1	0.964900	32.273550	400	1	1.100000	0.900000;
	13	1	0.633737	-0.231607	0	0	1	1.002316	39.891723	400	1	1.100000	0.900000;
	14	1	27.164038	19.593129	0	0	1	1.033203	-6.632446	400	1	1.100000	0.900000;
	15	1	701.270405	-388.760076	0	0	1	1.046441	-8.376680	400	1	1.100000	0.900000;
	16	1	469.994284	273.783421	0	0	1	1.009491	-10.083674	400	1	1.100000	0.900000;
	17	1	145.217175	96.306990	0	0	1	1.001229	-9.748864	400	1	1.100000	0.900000;
	18	1	191.475741	111.859745	0	0	1	0.998927	-8.050544	400	1	1.100000	0.900000;
	19	1	126.153575	19.445739	0	0	1	1.022061	-7.487162	400	1	1.100000	0.900000;
	20	1	871.257055	510.715344	0	0	1	0.908346	-17.326506	400	1	1.100000	0.900000;
	21	1	138.630127	75.985129	0	0	1	0.982893	-11.726185	400	1	1.100000	0.900000;
	22	1	145.370414	-30.018133	0	0	1	1.000675	-9.674114	400	1	1.100000	0.900000;
	23	1	0	0	0	-100	1	0.929602	21.149418	400	1	1.100000	0.900000;
	24	1	0	0	0	0	1	0.985910	18.804838	130	1	1.100000	0.900000;
	25	1	0	0	0	0	1	1.015811	13.568664	130	1	1.100000	0.900000;
	26	1	0	0	0	0	1	0.936246	19.504741	400	1	1.100000	0.900000;
	27	1	0	0	0	0	1	1.021621	4.214794	400	1	1.100000	0.900000;
	28	1	0	0	0	0	1	0.962390	12.175527	400	1	1.100000	0.900000;
	29	1	0	0	0	0	1	1.024269	-0.917535	400	1	1.100000	0.900000;
	30	1	0	0	0	0	1	1.011221	-15.906606	400	1	1.100000	0.900000;
	31	1	0	0	0	0	1	1.004554	1.538287	400	1	1.100000	0.900000;
	32	1	0	0	0	0	1	1.004975	-13.991913	400	1	1.100000	0.900000;
	33	1	0	0	0	0	1	1.004975	-13.991913	400	1	1.100000	0.900000;
	34	1	0	0	0	0	1	1.044150	-12.743674	400	1	1.100000	0.900000;
	35	1	0	0	0	0	1	0.989441	-15.500294	400	1	1.100000	0.900000;
	36	1	0	0	0	0	1	1.023032	-10.103517	400	1	1.100000	0.900000;
	37	1	0	0	0	0	1	1.021775	-11.120950	400	1	1.100000	0.900000;
	38	2	0	0	0	0	1	1	28.081084	15	1	1.100000	0.900000;
	39	2	0	0	0	0	1	0	15.459251	15	1	1.100000	0.900000;
	40	2	0	0	0	0	1	1	19.777245	15	1	1.100000	0.900000;
	41	2	0	0	0	0	1	0	13.568664	15	1	1.100000	0.900000;
	42	2	0	0	0	0	1	1	29.939456	15	1	1.100000	0.900000;
	43	2	0	0	0	0	1	1	-12.457779	15	1	1.100000	0.900000;
	44	2	0	0	0	0	1	1	1.581962	15	1	1.100000	0.900000;
	45	2	0	0	0	0	1	1	11.707966	15	1	1.100000	0.900000;
	46	2	0	0	0	0	1	1	21.829462	15	1	1.100000	0.900000;
	47	2	0	0	0	0	1	0	21.149418	15	1	1.100000	0.900000;
	48	2	0	0	0	0	1	1	9.691241	15	1	1.100000	0.900000;
	49	2	0	0	0	0	1	1	8.525035	15	1	1.100000	0.900000;
	50	2	0	0	0	0	1	0	-6.632446	15	1	1.100000	0.900000;
	51	2	0	0	0	0	1	1	-3.030403	15	1	1.100000	0.900000;
	52	3	0	0	0	0	1	1	0	15	1	1.000000	1.000000;
	53	2	0	0	0	0	1	0	-8.050544	15	1	1.100000	0.900000;
	54	2	0	0	0	0	1	1	-2.012969	15	1	1.100000	0.900000;
	55	2	0	0	0	0	1	0	-7.487162	15	1	1.100000	0.900000;
	56	2	0	0	0	0	1	1	-6.687582	15	1	1.100000	0.900000;
	57	2	0	0	0	0	1	1	-4.082672	15	1	1.100000	0.900000;
	58	2	0	0	0	0	1	0	-9.674114	15	1	1.100000	0.900000;
	59	2	0	0	0	0	1	1	38.073001	15	1	1.100000	0.900000;
	60	2	0	0	0	0	1	1	41.563476	15	1	1.100000	0.900000;
	61	2	0	0	0	0	1	0	-18.507862	15	1	1.100000	0.900000;
];
mpc.gen = [
	52	0	0	1840.000000	-540.000000	1	1	1	2800.000000	10.000000	0	0	0	0	0	0	0	0	0	0	0;
	38	520.000000	0	720.000000	-720.000000	1	100	1	720.000000	10.000000	0	0	0	0	0	0	0	0	0	0	0;
	39	0	0	540.000000	-540.000000	0	100	0	540.000000	10.000000	0	0	0	0	0	0	0	0	0	0	0;
	40	78.079994	0	630.000000	-630.000000	1	100	1	630.000000	10.000000	0	0	0	0	0	0	0	0	0	0	0;
	41	0	0	540.000000	-540.000000	0	100	0	540.000000	10.000000	0	0	0	0	0	0	0	0	0	0	0;
	42	475.000000	0	325.000000	-225.000000	1	100	1	475.000000	10.000000	0	0	0	0	0	0	0	0	0	0	0;
	43	260.000000	0	560.000000	-360.000000	1	100	1	560.000000	10.000000	0	0	0	0	0	0	0	0	0	0	0;
	44	363.912703	0	360.000000	-280.000000	1	100	1	380.000000	10.000000	0	0	0	0	0	0	0	0	0	0	0;
	45	207.165266	0	965.000000	-765.000000	1	100	1	965.000000	10.000000	0	0	0	0	0	0	0	0	0	0	0;
	46	253.179101	0	900.000000	-900.000000	1	100	1	900.000000	10.000000	0	0	0	0	0	0	0	0	0	0	0;
	47	0	0	720.000000	-720.000000	0	100	0	720.000000	10.000000	0	0	0	0	0	0	0	0	0	0	0;
	48	194.999995	0	570.000000	-370.000000	1	100	1	570.000000	10.000000	0	0	0	0	0	0	0	0	0	0	0;
	49	285.119567	0	515.000000	-415.000000	1	100	1	575.000000	10.000000	0	0	0	0	0	0	0	0	0	0	0;
	50	0	0	570.000000	-570.000000	0	100	0	0.000000	-0.000000	0	0	0	0	0	0	0	0	0	0	0;
	51	455.000000	0	630.000000	-630.000000	1	100	1	630.000000	10.000000	0	0	0	0	0	0	0	0	0	0	0;
	53	0	0	580.000000	-540.000000	0	100	0	540.000000	10.000000	0	0	0	0	0	0	0	0	0	0	0;
	54	455.000000	0	630.000000	-630.000000	1	100	1	630.000000	10.000000	0	0	0	0	0	0	0	0	0	0	0;
	55	0	0	630.000000	-630.000000	0	100	0	630.000000	10.000000	0	0	0	0	0	0	0	0	0	0	0;
	56	345.297787	0	540.000000	-540.000000	1	100	1	540.000000	10.000000	0	0	0	0	0	0	0	0	0	0	0;
	57	390.000000	0	540.000000	-540.000000	1	100	1	540.000000	10.000000	0	0	0	0	0	0	0	0	0	0	0;
	58	0	0	540.000000	-540.000000	0	100	0	540.000000	10.000000	0	0	0	0	0	0	0	0	0	0	0;
	59	325.000000	0	520.000000	-450.000000	1	100	1	560.000000	10.000000	0	0	0	0	0	0	0	0	0	0	0;
	60	877.318255	0	4000.000000	-2050.000000	1	100	1	4500.000000	10.000000	0	0	0	0	0	0	0	0	0	0	0;
	61	0	0	250.000000	-250.000000	0	100	0	0.000000	-0.000000	0	0	0	0	0	0	0	0	0	0	0;
];
