function mpc = powergrid
mpc.version = '2';
mpc.baseMVA = 100;
mpc.bus = [
	1	1	278.825437	-13.371318	0	-400	1	1.061998	6.713817	130	1	1.100000	0.900000;
	2	1	217.699253	143.984959	0	0	1	1.084995	6.575633	130	1	1.100000	0.900000;
	3	1	22.515601	6.962770	0	0	1	1.038002	11.134742	130	1	1.100000	0.900000;
	4	1	210.622947	46.856473	0	0	1	1.067024	8.266283	130	1	1.100000	0.900000;
	5	1	64.605537	30.989959	0	0	1	1.001055	-4.101414	130	1	1.100000	0.900000;
	6	1	334.240067	107.726118	0	0	1	0.983810	-3.796811	130	1	1.100000	0.900000;
	7	1	357.202807	236.104045	0	0	1	0.983145	-5.146083	130	1	1.100000	0.900000;
	8	1	14.035761	3.239889	0	0	1	1.065606	-0.592446	130	1	1.100000	0.900000;
	9	1	19.066061	7.113612	0	0	1	1.059238	-0.108201	130	1	1.100000	0.900000;
	10	1	151.525241	77.497910	0	0	1	1.076838	4.632909	220	1	1.100000	0.900000;
	11	1	49.233299	18.461004	0	0	1	1.020391	12.745846	220	1	1.100000	0.900000;
	12	1	4.384551	3.115338	0	-400	1	1.035753	9.979447	400	1	1.100000	0.900000;
	13	1	69.930628	39.618287	0	0	1	1.077680	9.203145	400	1	1.100000	0.900000;
	14	1	192.484024	123.399401	0	0	1	1.090976	-1.019715	400	1	1.100000	0.900000;
	15	1	16.880575	5.788927	0	0	1	1.082812	2.404100	400	1	1.100000	0.900000;
	16	1	5.802398	2.559222	0	0	1	1.071599	0.246550	400	1	1.100000	0.900000;
	17	1	88.634714	56.394379	0	0	1	1.061754	-0.472191	400	1	1.100000	0.900000;
	18	1	254.289531	22.687662	0	0	1	1.050297	-0.917604	400	1	1.100000	0.900000;
	19	1	77.014885	21.482106	0	0	1	1.044574	4.378900	400	1	1.100000	0.900000;
	20	1	351.033024	177.294645	0	0	1	0.992622	-7.742246	400	1	1.100000	0.900000;
	21	1	277.239240	205.526826	0	0	1	0.978278	-7.085852	400	1	1.100000	0.900000;
	22	1	1020.917488	711.876547	0	0	1	0.939230	-9.137252	400	1	1.100000	0.900000;
	23	1	0	0	0	-100	1	0.984289	6.974158	400	1	1.100000	0.900000;
	24	1	0	0	0	0	1	1.054770	9.467993	130	1	1.100000	0.900000;
	25	1	0	0	0	0	1	1.070263	8.240195	130	1	1.100000	0.900000;
	26	1	0	0	0	0	1	0.985263	6.918792	400	1	1.100000	0.900000;
	27	1	0	0	0	0	1	1.092132	3.508399	400	1	1.100000	0.900000;
	28	1	0	0	0	0	1	1.021115	6.706924	400	1	1.100000	0.900000;
	29	1	0	0	0	0	1	1.077818	2.936955	400	1	1.100000	0.900000;
	30	1	0	0	0	0	1	0.982079	1.288678	400	1	1.100000	0.900000;
	31	1	0	0	0	0	1	1.055170	3.675404	400	1	1.100000	0.900000;
	32	1	0	0	0	0	1	1.045632	-5.329511	400	1	1.100000	0.900000;
	33	1	0	0	0	0	1	1.045632	-5.329511	400	1	1.100000	0.900000;
	34	1	0	0	0	0	1	1.042299	1.884588	400	1	1.100000	0.900000;
	35	1	0	0	0	0	1	1.023541	-1.631028	400	1	1.100000	0.900000;
	36	1	0	0	0	0	1	1.077434	0.147102	400	1	1.100000	0.900000;
	37	1	0	0	0	0	1	1.064662	0.347974	400	1	1.100000	0.900000;
	38	2	0	0	0	0	1	0	6.575633	15	1	1.100000	0.900000;
	39	2	0	0	0	0	1	1	16.212038	15	1	1.100000	0.900000;
	40	2	0	0	0	0	1	0	9.467993	15	1	1.100000	0.900000;
	41	2	0	0	0	0	1	0	8.240195	15	1	1.100000	0.900000;
	42	2	0	0	0	0	1	1	23.757938	15	1	1.100000	0.900000;
	43	2	0	0	0	0	1	1	1.890794	15	1	1.100000	0.900000;
	44	2	0	0	0	0	1	1	-2.482736	15	1	1.100000	0.900000;
	45	2	0	0	0	0	1	1	16.456693	15	1	1.100000	0.900000;
	46	2	0	0	0	0	1	0	6.918792	15	1	1.100000	0.900000;
	47	2	0	0	0	0	1	0	6.974158	15	1	1.100000	0.900000;
	48	2	0	0	0	0	1	0	3.508399	15	1	1.100000	0.900000;
	49	2	0	0	0	0	1	1	6.599241	15	1	1.100000	0.900000;
	50	2	0	0	0	0	1	0	-1.019715	15	1	1.100000	0.900000;
	51	2	0	0	0	0	1	1	7.570305	15	1	1.100000	0.900000;
	52	3	0	0	0	0	1	1	0	15	1	1.000000	1.000000;
	53	2	0	0	0	0	1	0	-0.917604	15	1	1.100000	0.900000;
	54	2	0	0	0	0	1	0	4.378900	15	1	1.100000	0.900000;
	55	2	0	0	0	0	1	1	9.734763	15	1	1.100000	0.900000;
	56	2	0	0	0	0	1	1	-1.365975	15	1	1.100000	0.900000;
	57	2	0	0	0	0	1	1	-3.178731	15	1	1.100000	0.900000;
	58	2	0	0	0	0	1	1	-3.178731	15	1	1.100000	0.900000;
	59	2	0	0	0	0	1	1	15.380948	15	1	1.100000	0.900000;
	60	2	0	0	0	0	1	0	9.203145	15	1	1.100000	0.900000;
	61	2	0	0	0	0	1	0	-4.101414	15	1	1.100000	0.900000;
];
mpc.gen = [
	52	0	0	1840.000000	-540.000000	1	1	1	2800.000000	10.000000	0	0	0	0	0	0	0	0	0	0	0;
	38	0	0	720.000000	-720.000000	0	100	0	720.000000	10.000000	0	0	0	0	0	0	0	0	0	0	0;
	39	367.451048	0	540.000000	-540.000000	1	100	1	540.000000	10.000000	0	0	0	0	0	0	0	0	0	0	0;
	40	0	0	630.000000	-630.000000	0	100	0	630.000000	10.000000	0	0	0	0	0	0	0	0	0	0	0;
	41	0	0	540.000000	-540.000000	0	100	0	540.000000	10.000000	0	0	0	0	0	0	0	0	0	0	0;
	42	475.000000	0	325.000000	-225.000000	1	100	1	475.000000	10.000000	0	0	0	0	0	0	0	0	0	0	0;
	43	260.000000	0	560.000000	-360.000000	1	100	1	560.000000	10.000000	0	0	0	0	0	0	0	0	0	0	0;
	44	60.912288	0	360.000000	-280.000000	1	100	1	380.000000	10.000000	0	0	0	0	0	0	0	0	0	0	0;
	45	374.233299	0	965.000000	-765.000000	1	100	1	965.000000	10.000000	0	0	0	0	0	0	0	0	0	0	0;
	46	0	0	900.000000	-900.000000	0	100	0	900.000000	10.000000	0	0	0	0	0	0	0	0	0	0	0;
	47	0	0	720.000000	-720.000000	0	100	0	720.000000	10.000000	0	0	0	0	0	0	0	0	0	0	0;
	48	0	0	570.000000	-370.000000	0	100	0	570.000000	10.000000	0	0	0	0	0	0	0	0	0	0	0;
	49	125.586433	0	515.000000	-415.000000	1	100	1	575.000000	10.000000	0	0	0	0	0	0	0	0	0	0	0;
	50	0	0	570.000000	-570.000000	0	100	0	0.000000	-0.000000	0	0	0	0	0	0	0	0	0	0	0;
	51	455.000000	0	630.000000	-630.000000	1	100	1	630.000000	10.000000	0	0	0	0	0	0	0	0	0	0	0;
	53	0	0	580.000000	-540.000000	0	100	0	540.000000	10.000000	0	0	0	0	0	0	0	0	0	0	0;
	54	0	0	630.000000	-630.000000	0	100	0	630.000000	10.000000	0	0	0	0	0	0	0	0	0	0	0;
	55	455.000000	0	630.000000	-630.000000	1	100	1	630.000000	10.000000	0	0	0	0	0	0	0	0	0	0	0;
	56	390.000000	0	540.000000	-540.000000	1	100	1	540.000000	10.000000	0	0	0	0	0	0	0	0	0	0	0;
	57	390.000000	0	540.000000	-540.000000	1	100	1	540.000000	10.000000	0	0	0	0	0	0	0	0	0	0	0;
	58	390.000000	0	540.000000	-540.000000	1	100	1	540.000000	10.000000	0	0	0	0	0	0	0	0	0	0	0;
	59	325.000000	0	520.000000	-450.000000	1	100	1	560.000000	10.000000	0	0	0	0	0	0	0	0	0	0	0;
	60	0	0	4000.000000	-2050.000000	0	100	0	4500.000000	10.000000	0	0	0	0	0	0	0	0	0	0	0;
	61	0	0	250.000000	-250.000000	0	100	0	0.000000	-0.000000	0	0	0	0	0	0	0	0	0	0	0;
];
