function mpc = powergrid
mpc.version = '2';
mpc.baseMVA = 100;
mpc.bus = [
	1	1	227.901939	66.761628	0	-400	1	1.007568	13.686419	130	1	1.100000	0.900000;
	2	1	232.755847	104.645479	0	0	1	1.014583	16.476478	130	1	1.100000	0.900000;
	3	1	51.157194	2.466885	0	0	1	1.008190	13.945441	130	1	1.100000	0.900000;
	4	1	319.801958	224.066265	0	0	1	0.968882	5.834558	130	1	1.100000	0.900000;
	5	1	328.679509	149.790392	0	0	1	0.914249	-15.499125	130	1	1.100000	0.900000;
	6	1	37.686825	16.343704	0	0	1	0.994384	1.009670	130	1	1.100000	0.900000;
	7	1	205.937712	76.066371	0	0	1	0.940287	-11.880045	130	1	1.100000	0.900000;
	8	1	664.275534	121.901576	0	0	1	0.989352	-11.832636	130	1	1.100000	0.900000;
	9	1	197.363007	46.353393	0	0	1	0.997795	-10.680062	130	1	1.100000	0.900000;
	10	1	307.767170	209.511268	0	0	1	0.991009	-9.651459	220	1	1.100000	0.900000;
	11	1	443.256871	191.775989	0	0	1	0.966202	-15.928209	220	1	1.100000	0.900000;
	12	1	99.207213	40.066048	0	-400	1	0.950350	27.257667	400	1	1.100000	0.900000;
	13	1	1215.646113	316.632389	0	0	1	0.989002	35.398450	400	1	1.100000	0.900000;
	14	1	202.245617	114.373291	0	0	1	1.032544	-10.867228	400	1	1.100000	0.900000;
	15	1	11.750507	6.525420	0	0	1	1.017390	-6.844931	400	1	1.100000	0.900000;
	16	1	787.849831	385.610245	0	0	1	0.986088	-10.162364	400	1	1.100000	0.900000;
	17	1	41.837188	29.232345	0	0	1	0.988073	-9.225347	400	1	1.100000	0.900000;
	18	1	80.270010	58.035915	0	0	1	0.989853	-7.450137	400	1	1.100000	0.900000;
	19	1	447.092177	152.186956	0	0	1	0.998846	-4.534819	400	1	1.100000	0.900000;
	20	1	276.764933	126.625544	0	0	1	1.016152	-15.645600	400	1	1.100000	0.900000;
	21	1	104.410428	25.777031	0	0	1	1.022920	-14.768174	400	1	1.100000	0.900000;
	22	1	357.827020	81.576953	0	0	1	1.013884	-14.448371	400	1	1.100000	0.900000;
	23	1	0	0	0	-100	1	0.920567	15.501275	400	1	1.100000	0.900000;
	24	1	0	0	0	0	1	1.010538	14.849113	130	1	1.100000	0.900000;
	25	1	0	0	0	0	1	0.971823	5.808470	130	1	1.100000	0.900000;
	26	1	0	0	0	0	1	0.933170	14.621411	400	1	1.100000	0.900000;
	27	1	0	0	0	0	1	1.008853	1.336157	400	1	1.100000	0.900000;
	28	1	0	0	0	0	1	0.931009	5.222267	400	1	1.100000	0.900000;
	29	1	0	0	0	0	1	0.997466	-5.579793	400	1	1.100000	0.900000;
	30	1	0	0	0	0	1	0.954596	-12.164348	400	1	1.100000	0.900000;
	31	1	0	0	0	0	1	0.973957	-5.950378	400	1	1.100000	0.900000;
	32	1	0	0	0	0	1	1.011960	-14.988256	400	1	1.100000	0.900000;
	33	1	0	0	0	0	1	1.011960	-14.988256	400	1	1.100000	0.900000;
	34	1	0	0	0	0	1	0.990541	-7.665461	400	1	1.100000	0.900000;
	35	1	0	0	0	0	1	0.960677	-13.147511	400	1	1.100000	0.900000;
	36	1	0	0	0	0	1	1.003268	-10.303908	400	1	1.100000	0.900000;
	37	1	0	0	0	0	1	1.007208	-9.890551	400	1	1.100000	0.900000;
	38	2	0	0	0	0	1	1	21.991029	15	1	1.100000	0.900000;
	39	2	0	0	0	0	1	0	13.945441	15	1	1.100000	0.900000;
	40	2	0	0	0	0	1	0	14.849113	15	1	1.100000	0.900000;
	41	2	0	0	0	0	1	0	5.808470	15	1	1.100000	0.900000;
	42	2	0	0	0	0	1	1	20.387353	15	1	1.100000	0.900000;
	43	2	0	0	0	0	1	1	6.636601	15	1	1.100000	0.900000;
	44	2	0	0	0	0	1	1	5.763779	15	1	1.100000	0.900000;
	45	2	0	0	0	0	1	1	-13.736592	15	1	1.100000	0.900000;
	46	2	0	0	0	0	1	1	17.848752	15	1	1.100000	0.900000;
	47	2	0	0	0	0	1	0	15.501275	15	1	1.100000	0.900000;
	48	2	0	0	0	0	1	1	6.882132	15	1	1.100000	0.900000;
	49	2	0	0	0	0	1	0	-5.950378	15	1	1.100000	0.900000;
	50	2	0	0	0	0	1	0	-10.867228	15	1	1.100000	0.900000;
	51	2	0	0	0	0	1	1	-1.345528	15	1	1.100000	0.900000;
	52	3	0	0	0	0	1	1	0	15	1	1.000000	1.000000;
	53	2	0	0	0	0	1	0	-7.450137	15	1	1.100000	0.900000;
	54	2	0	0	0	0	1	1	1.067006	15	1	1.100000	0.900000;
	55	2	0	0	0	0	1	1	1.067006	15	1	1.100000	0.900000;
	56	2	0	0	0	0	1	1	-14.061461	15	1	1.100000	0.900000;
	57	2	0	0	0	0	1	0	-14.448371	15	1	1.100000	0.900000;
	58	2	0	0	0	0	1	1	-8.930002	15	1	1.100000	0.900000;
	59	2	0	0	0	0	1	0	27.257667	15	1	1.100000	0.900000;
	60	2	0	0	0	0	1	1	39.506387	15	1	1.100000	0.900000;
	61	2	0	0	0	0	1	0	-15.499125	15	1	1.100000	0.900000;
];
mpc.gen = [
	52	0	0	1840.000000	-540.000000	1	1	1	2800.000000	10.000000	0	0	0	0	0	0	0	0	0	0	0;
	38	519.999998	0	720.000000	-720.000000	1	100	1	720.000000	10.000000	0	0	0	0	0	0	0	0	0	0	0;
	39	0	0	540.000000	-540.000000	0	100	0	540.000000	10.000000	0	0	0	0	0	0	0	0	0	0	0;
	40	0	0	630.000000	-630.000000	0	100	0	630.000000	10.000000	0	0	0	0	0	0	0	0	0	0	0;
	41	0	0	540.000000	-540.000000	0	100	0	540.000000	10.000000	0	0	0	0	0	0	0	0	0	0	0;
	42	405.754814	0	325.000000	-225.000000	1	100	1	475.000000	10.000000	0	0	0	0	0	0	0	0	0	0	0;
	43	260.000000	0	560.000000	-360.000000	1	100	1	560.000000	10.000000	0	0	0	0	0	0	0	0	0	0	0;
	44	380.000000	0	360.000000	-280.000000	1	100	1	380.000000	10.000000	0	0	0	0	0	0	0	0	0	0	0;
	45	209.379042	0	965.000000	-765.000000	1	100	1	965.000000	10.000000	0	0	0	0	0	0	0	0	0	0	0;
	46	350.237215	0	900.000000	-900.000000	1	100	1	900.000000	10.000000	0	0	0	0	0	0	0	0	0	0	0;
	47	0	0	720.000000	-720.000000	0	100	0	720.000000	10.000000	0	0	0	0	0	0	0	0	0	0	0;
	48	194.999988	0	570.000000	-370.000000	1	100	1	570.000000	10.000000	0	0	0	0	0	0	0	0	0	0	0;
	49	0	0	515.000000	-415.000000	0	100	0	575.000000	10.000000	0	0	0	0	0	0	0	0	0	0	0;
	50	0	0	570.000000	-570.000000	0	100	0	0.000000	-0.000000	0	0	0	0	0	0	0	0	0	0	0;
	51	455.000000	0	630.000000	-630.000000	1	100	1	630.000000	10.000000	0	0	0	0	0	0	0	0	0	0	0;
	53	0	0	580.000000	-540.000000	0	100	0	540.000000	10.000000	0	0	0	0	0	0	0	0	0	0	0;
	54	455.000000	0	630.000000	-630.000000	1	100	1	630.000000	10.000000	0	0	0	0	0	0	0	0	0	0	0;
	55	455.000000	0	630.000000	-630.000000	1	100	1	630.000000	10.000000	0	0	0	0	0	0	0	0	0	0	0;
	56	50.467434	0	540.000000	-540.000000	1	100	1	540.000000	10.000000	0	0	0	0	0	0	0	0	0	0	0;
	57	0	0	540.000000	-540.000000	0	100	0	540.000000	10.000000	0	0	0	0	0	0	0	0	0	0	0;
	58	390.000000	0	540.000000	-540.000000	1	100	1	540.000000	10.000000	0	0	0	0	0	0	0	0	0	0	0;
	59	0	0	520.000000	-450.000000	0	100	0	560.000000	10.000000	0	0	0	0	0	0	0	0	0	0	0;
	60	2125.646113	0	4000.000000	-2050.000000	1	100	1	4500.000000	10.000000	0	0	0	0	0	0	0	0	0	0	0;
	61	0	0	250.000000	-250.000000	0	100	0	0.000000	-0.000000	0	0	0	0	0	0	0	0	0	0	0;
];
