function mpc = powergrid
mpc.version = '2';
mpc.baseMVA = 100;
mpc.bus = [
	1	1	719.104192	121.020070	0	-400	1	1.022107	-2.990502	130	1	1.100000	0.900000;
	2	1	93.048123	18.993027	0	0	1	1.073682	1.185255	130	1	1.100000	0.900000;
	3	1	495.042922	335.979014	0	0	1	0.972905	-0.029311	130	1	1.100000	0.900000;
	4	1	860.649611	-136.803596	0	0	1	1.073867	-10.748153	130	1	1.100000	0.900000;
	5	1	10.724331	3.037915	0	0	1	1.013290	-14.541158	130	1	1.100000	0.900000;
	6	1	565.223551	89.534894	0	0	1	0.960821	-29.133355	130	1	1.100000	0.900000;
	7	1	352.760427	132.777878	0	0	1	0.992246	-17.298274	130	1	1.100000	0.900000;
	8	1	221.915921	99.960503	0	0	1	1.048623	-12.508907	130	1	1.100000	0.900000;
	9	1	277.555756	189.603898	0	0	1	1.035532	-11.514803	130	1	1.100000	0.900000;
	10	1	165.683366	61.297605	0	0	1	1.104815	-9.634762	220	1	1.100000	0.900000;
	11	1	446.593217	-126.754813	0	0	1	1.043320	-6.806496	220	1	1.100000	0.900000;
	12	1	474.965300	101.289457	0	-400	1	0.972738	11.189284	400	1	1.100000	0.900000;
	13	1	563.440970	226.797016	0	0	1	0.996782	19.164657	400	1	1.100000	0.900000;
	14	1	69.758682	36.195716	0	0	1	1.132276	-10.465141	400	1	1.100000	0.900000;
	15	1	167.143296	92.390355	0	0	1	1.067250	-8.564059	400	1	1.100000	0.900000;
	16	1	260.793833	184.166972	0	0	1	1.049966	-9.451761	400	1	1.100000	0.900000;
	17	1	96.866929	51.096935	0	0	1	1.044276	-8.705050	400	1	1.100000	0.900000;
	18	1	18.924547	10.816840	0	0	1	1.037792	-6.826379	400	1	1.100000	0.900000;
	19	1	400.409474	202.286316	0	0	1	1.009580	-4.487129	400	1	1.100000	0.900000;
	20	1	187.462226	75.158299	0	0	1	1.093275	-9.972240	400	1	1.100000	0.900000;
	21	1	334.337347	-136.771970	0	0	1	1.072998	-7.903200	400	1	1.100000	0.900000;
	22	1	184.092432	35.401005	0	0	1	1.051260	-6.204866	400	1	1.100000	0.900000;
	23	1	0	0	0	-100	1	0.970932	1.331368	400	1	1.100000	0.900000;
	24	1	0	0	0	0	1	1.007633	3.138869	130	1	1.100000	0.900000;
	25	1	0	0	0	0	1	1.015697	1.831388	130	1	1.100000	0.900000;
	26	1	0	0	0	0	1	0.962595	-0.510945	400	1	1.100000	0.900000;
	27	1	0	0	0	0	1	1.082367	-7.050553	400	1	1.100000	0.900000;
	28	1	0	0	0	0	1	1.017330	-7.512497	400	1	1.100000	0.900000;
	29	1	0	0	0	0	1	1.084501	-9.179754	400	1	1.100000	0.900000;
	30	1	0	0	0	0	1	0.965427	-9.989863	400	1	1.100000	0.900000;
	31	1	0	0	0	0	1	1.075746	-9.294846	400	1	1.100000	0.900000;
	32	1	0	0	0	0	1	1.087866	-11.466435	400	1	1.100000	0.900000;
	33	1	0	0	0	0	1	1.087866	-11.466435	400	1	1.100000	0.900000;
	34	1	0	0	0	0	1	1.010755	-8.543068	400	1	1.100000	0.900000;
	35	1	0	0	0	0	1	0.995481	-11.986137	400	1	1.100000	0.900000;
	36	1	0	0	0	0	1	1.062742	-10.786277	400	1	1.100000	0.900000;
	37	1	0	0	0	0	1	1.047207	-10.252295	400	1	1.100000	0.900000;
	38	2	0	0	0	0	1	0	1.185255	15	1	1.100000	0.900000;
	39	2	0	0	0	0	1	1	5.722261	15	1	1.100000	0.900000;
	40	2	0	0	0	0	1	1	6.678364	15	1	1.100000	0.900000;
	41	2	0	0	0	0	1	1	5.041404	15	1	1.100000	0.900000;
	42	2	0	0	0	0	1	1	-7.817558	15	1	1.100000	0.900000;
	43	2	0	0	0	0	1	1	-23.309199	15	1	1.100000	0.900000;
	44	2	0	0	0	0	1	1	-15.606151	15	1	1.100000	0.900000;
	45	2	0	0	0	0	1	1	-1.444305	15	1	1.100000	0.900000;
	46	2	0	0	0	0	1	1	1.830599	15	1	1.100000	0.900000;
	47	2	0	0	0	0	1	1	7.094667	15	1	1.100000	0.900000;
	48	2	0	0	0	0	1	0	-7.050553	15	1	1.100000	0.900000;
	49	2	0	0	0	0	1	0	-9.294846	15	1	1.100000	0.900000;
	50	2	0	0	0	0	1	0	-10.465141	15	1	1.100000	0.900000;
	51	2	0	0	0	0	1	1	-3.322317	15	1	1.100000	0.900000;
	52	3	0	0	0	0	1	1	0	15	1	1.000000	1.000000;
	53	2	0	0	0	0	1	0	-6.826379	15	1	1.100000	0.900000;
	54	2	0	0	0	0	1	1	1.054947	15	1	1.100000	0.900000;
	55	2	0	0	0	0	1	1	1.054947	15	1	1.100000	0.900000;
	56	2	0	0	0	0	1	1	-2.689721	15	1	1.100000	0.900000;
	57	2	0	0	0	0	1	0	-6.204866	15	1	1.100000	0.900000;
	58	2	0	0	0	0	1	1	-0.883272	15	1	1.100000	0.900000;
	59	2	0	0	0	0	1	1	16.941843	15	1	1.100000	0.900000;
	60	2	0	0	0	0	1	1	21.988669	15	1	1.100000	0.900000;
	61	2	0	0	0	0	1	0	-14.541158	15	1	1.100000	0.900000;
];
mpc.gen = [
	52	0	0	1840.000000	-540.000000	1	1	1	2800.000000	10.000000	0	0	0	0	0	0	0	0	0	0	0;
	38	0	0	720.000000	-720.000000	0	100	0	720.000000	10.000000	0	0	0	0	0	0	0	0	0	0	0;
	39	390.000000	0	540.000000	-540.000000	1	100	1	540.000000	10.000000	0	0	0	0	0	0	0	0	0	0	0;
	40	290.297223	0	630.000000	-630.000000	1	100	1	630.000000	10.000000	0	0	0	0	0	0	0	0	0	0	0;
	41	227.499999	0	540.000000	-540.000000	1	100	1	540.000000	10.000000	0	0	0	0	0	0	0	0	0	0	0;
	42	91.504612	0	325.000000	-225.000000	1	100	1	475.000000	10.000000	0	0	0	0	0	0	0	0	0	0	0;
	43	260.000000	0	560.000000	-360.000000	1	100	1	560.000000	10.000000	0	0	0	0	0	0	0	0	0	0	0;
	44	39.066497	0	360.000000	-280.000000	1	100	1	380.000000	10.000000	0	0	0	0	0	0	0	0	0	0	0;
	45	552.500000	0	965.000000	-765.000000	1	100	1	965.000000	10.000000	0	0	0	0	0	0	0	0	0	0	0;
	46	262.187155	0	900.000000	-900.000000	1	100	1	900.000000	10.000000	0	0	0	0	0	0	0	0	0	0	0;
	47	520.000000	0	720.000000	-720.000000	1	100	1	720.000000	10.000000	0	0	0	0	0	0	0	0	0	0	0;
	48	0	0	570.000000	-370.000000	0	100	0	570.000000	10.000000	0	0	0	0	0	0	0	0	0	0	0;
	49	0	0	515.000000	-415.000000	0	100	0	575.000000	10.000000	0	0	0	0	0	0	0	0	0	0	0;
	50	0	0	570.000000	-570.000000	0	100	0	0.000000	-0.000000	0	0	0	0	0	0	0	0	0	0	0;
	51	455.000000	0	630.000000	-630.000000	1	100	1	630.000000	10.000000	0	0	0	0	0	0	0	0	0	0	0;
	53	0	0	580.000000	-540.000000	0	100	0	540.000000	10.000000	0	0	0	0	0	0	0	0	0	0	0;
	54	455.000000	0	630.000000	-630.000000	1	100	1	630.000000	10.000000	0	0	0	0	0	0	0	0	0	0	0;
	55	455.000000	0	630.000000	-630.000000	1	100	1	630.000000	10.000000	0	0	0	0	0	0	0	0	0	0	0;
	56	389.999999	0	540.000000	-540.000000	1	100	1	540.000000	10.000000	0	0	0	0	0	0	0	0	0	0	0;
	57	0	0	540.000000	-540.000000	0	100	0	540.000000	10.000000	0	0	0	0	0	0	0	0	0	0	0;
	58	390.000000	0	540.000000	-540.000000	1	100	1	540.000000	10.000000	0	0	0	0	0	0	0	0	0	0	0;
	59	325.000000	0	520.000000	-450.000000	1	100	1	560.000000	10.000000	0	0	0	0	0	0	0	0	0	0	0;
	60	1473.440969	0	4000.000000	-2050.000000	1	100	1	4500.000000	10.000000	0	0	0	0	0	0	0	0	0	0	0;
	61	0	0	250.000000	-250.000000	0	100	0	0.000000	-0.000000	0	0	0	0	0	0	0	0	0	0	0;
];
