function mpc = powergrid
mpc.version = '2';
mpc.baseMVA = 100;
mpc.bus = [
	1	1	144.612615	87.160547	0	-400	1	1.012272	4.148178	130	1	1.100000	0.900000;
	2	1	92.008180	2.321827	0	0	1	1.034293	6.849508	130	1	1.100000	0.900000;
	3	1	98.733643	30.781561	0	0	1	1.008386	8.814529	130	1	1.100000	0.900000;
	4	1	583.373238	324.640847	0	0	1	0.969699	-5.314245	130	1	1.100000	0.900000;
	5	1	93.608037	60.419491	0	0	1	0.991260	-10.745241	130	1	1.100000	0.900000;
	6	1	283.958561	-142.304782	0	0	1	1.085683	-26.576370	130	1	1.100000	0.900000;
	7	1	218.952303	10.228657	0	0	1	0.999117	-9.612588	130	1	1.100000	0.900000;
	8	1	179.997266	82.936236	0	0	1	1.026145	-11.912176	130	1	1.100000	0.900000;
	9	1	304.454315	122.896230	0	0	1	1.019158	-10.041508	130	1	1.100000	0.900000;
	10	1	194.534580	111.882806	0	0	1	1.029960	-5.131097	220	1	1.100000	0.900000;
	11	1	256.167319	169.997300	0	0	1	0.985541	2.811446	220	1	1.100000	0.900000;
	12	1	1033.075321	391.170631	0	-400	1	0.905236	-10.192629	400	1	1.100000	0.900000;
	13	1	184.754376	94.526445	0	0	1	0.928170	-12.250636	400	1	1.100000	0.900000;
	14	1	156.495947	60.040590	0	0	1	1.074621	-7.067209	400	1	1.100000	0.900000;
	15	1	1033.454453	347.441841	0	0	1	1.016460	-14.140952	400	1	1.100000	0.900000;
	16	1	740.678993	67.597120	0	0	1	1.014976	-12.462545	400	1	1.100000	0.900000;
	17	1	169.367211	106.216850	0	0	1	1.007586	-11.020709	400	1	1.100000	0.900000;
	18	1	56.620595	-12.608006	0	0	1	1.009138	-7.475885	400	1	1.100000	0.900000;
	19	1	376.892781	188.897926	0	0	1	1.002970	-2.755607	400	1	1.100000	0.900000;
	20	1	79.659399	51.334802	0	0	1	1.056855	0.776109	400	1	1.100000	0.900000;
	21	1	25.469274	15.297782	0	0	1	1.045583	5.213221	400	1	1.100000	0.900000;
	22	1	4.447302	0.899940	0	0	1	1.038020	8.331293	400	1	1.100000	0.900000;
	23	1	0	0	0	-100	1	0.941921	4.865278	400	1	1.100000	0.900000;
	24	1	0	0	0	0	1	1.018074	8.103849	130	1	1.100000	0.900000;
	25	1	0	0	0	0	1	0.994750	8.168057	130	1	1.100000	0.900000;
	26	1	0	0	0	0	1	0.942598	3.783689	400	1	1.100000	0.900000;
	27	1	0	0	0	0	1	1.025648	-4.556225	400	1	1.100000	0.900000;
	28	1	0	0	0	0	1	0.948487	-2.772013	400	1	1.100000	0.900000;
	29	1	0	0	0	0	1	1.027360	-7.494349	400	1	1.100000	0.900000;
	30	1	0	0	0	0	1	0.950060	-20.538987	400	1	1.100000	0.900000;
	31	1	0	0	0	0	1	1.011180	-5.731875	400	1	1.100000	0.900000;
	32	1	0	0	0	0	1	1.041649	-8.123569	400	1	1.100000	0.900000;
	33	1	0	0	0	0	1	1.041649	-8.123569	400	1	1.100000	0.900000;
	34	1	0	0	0	0	1	0.992257	-18.538447	400	1	1.100000	0.900000;
	35	1	0	0	0	0	1	0.984609	-13.390385	400	1	1.100000	0.900000;
	36	1	0	0	0	0	1	1.031776	-11.146481	400	1	1.100000	0.900000;
	37	1	0	0	0	0	1	1.026111	-8.859114	400	1	1.100000	0.900000;
	38	2	0	0	0	0	1	1	12.258656	15	1	1.100000	0.900000;
	39	2	0	0	0	0	1	1	14.158858	15	1	1.100000	0.900000;
	40	2	0	0	0	0	1	0	8.103849	15	1	1.100000	0.900000;
	41	2	0	0	0	0	1	1	11.445742	15	1	1.100000	0.900000;
	42	2	0	0	0	0	1	0	-5.314245	15	1	1.100000	0.900000;
	43	2	0	0	0	0	1	0	-26.576370	15	1	1.100000	0.900000;
	44	2	0	0	0	0	1	1	6.961311	15	1	1.100000	0.900000;
	45	2	0	0	0	0	1	1	8.489011	15	1	1.100000	0.900000;
	46	2	0	0	0	0	1	1	9.720841	15	1	1.100000	0.900000;
	47	2	0	0	0	0	1	1	10.806716	15	1	1.100000	0.900000;
	48	2	0	0	0	0	1	1	0.898654	15	1	1.100000	0.900000;
	49	2	0	0	0	0	1	1	-3.409039	15	1	1.100000	0.900000;
	50	2	0	0	0	0	1	0	-7.067209	15	1	1.100000	0.900000;
	51	2	0	0	0	0	1	0	-14.140952	15	1	1.100000	0.900000;
	52	3	0	0	0	0	1	1	0	15	1	1.000000	1.000000;
	53	2	0	0	0	0	1	1	-1.931481	15	1	1.100000	0.900000;
	54	2	0	0	0	0	1	1	2.823110	15	1	1.100000	0.900000;
	55	2	0	0	0	0	1	1	2.823110	15	1	1.100000	0.900000;
	56	2	0	0	0	0	1	1	10.563794	15	1	1.100000	0.900000;
	57	2	0	0	0	0	1	1	13.720961	15	1	1.100000	0.900000;
	58	2	0	0	0	0	1	0	8.331293	15	1	1.100000	0.900000;
	59	2	0	0	0	0	1	1	-4.009494	15	1	1.100000	0.900000;
	60	2	0	0	0	0	1	0	-12.250636	15	1	1.100000	0.900000;
	61	2	0	0	0	0	1	0	-10.745241	15	1	1.100000	0.900000;
];
mpc.gen = [
	52	0	0	1840.000000	-540.000000	1	1	1	2800.000000	10.000000	0	0	0	0	0	0	0	0	0	0	0;
	38	520.000000	0	720.000000	-720.000000	1	100	1	720.000000	10.000000	0	0	0	0	0	0	0	0	0	0	0;
	39	375.688069	0	540.000000	-540.000000	1	100	1	540.000000	10.000000	0	0	0	0	0	0	0	0	0	0	0;
	40	0	0	630.000000	-630.000000	0	100	0	630.000000	10.000000	0	0	0	0	0	0	0	0	0	0	0;
	41	227.500000	0	540.000000	-540.000000	1	100	1	540.000000	10.000000	0	0	0	0	0	0	0	0	0	0	0;
	42	0	0	325.000000	-225.000000	0	100	0	475.000000	10.000000	0	0	0	0	0	0	0	0	0	0	0;
	43	0	0	560.000000	-360.000000	0	100	0	560.000000	10.000000	0	0	0	0	0	0	0	0	0	0	0;
	44	380.000000	0	360.000000	-280.000000	1	100	1	380.000000	10.000000	0	0	0	0	0	0	0	0	0	0	0;
	45	552.500000	0	965.000000	-765.000000	1	100	1	965.000000	10.000000	0	0	0	0	0	0	0	0	0	0	0;
	46	650.000000	0	900.000000	-900.000000	1	100	1	900.000000	10.000000	0	0	0	0	0	0	0	0	0	0	0;
	47	520.000000	0	720.000000	-720.000000	1	100	1	720.000000	10.000000	0	0	0	0	0	0	0	0	0	0	0;
	48	195.000000	0	570.000000	-370.000000	1	100	1	570.000000	10.000000	0	0	0	0	0	0	0	0	0	0	0;
	49	95.627642	0	515.000000	-415.000000	1	100	1	575.000000	10.000000	0	0	0	0	0	0	0	0	0	0	0;
	50	0	0	570.000000	-570.000000	0	100	0	0.000000	-0.000000	0	0	0	0	0	0	0	0	0	0	0;
	51	0	0	630.000000	-630.000000	0	100	0	630.000000	10.000000	0	0	0	0	0	0	0	0	0	0	0;
	53	390.000000	0	580.000000	-540.000000	1	100	1	540.000000	10.000000	0	0	0	0	0	0	0	0	0	0	0;
	54	455.000000	0	630.000000	-630.000000	1	100	1	630.000000	10.000000	0	0	0	0	0	0	0	0	0	0	0;
	55	455.000000	0	630.000000	-630.000000	1	100	1	630.000000	10.000000	0	0	0	0	0	0	0	0	0	0	0;
	56	390.000000	0	540.000000	-540.000000	1	100	1	540.000000	10.000000	0	0	0	0	0	0	0	0	0	0	0;
	57	390.000000	0	540.000000	-540.000000	1	100	1	540.000000	10.000000	0	0	0	0	0	0	0	0	0	0	0;
	58	0	0	540.000000	-540.000000	0	100	0	540.000000	10.000000	0	0	0	0	0	0	0	0	0	0	0;
	59	325.000000	0	520.000000	-450.000000	1	100	1	560.000000	10.000000	0	0	0	0	0	0	0	0	0	0	0;
	60	0	0	4000.000000	-2050.000000	0	100	0	4500.000000	10.000000	0	0	0	0	0	0	0	0	0	0	0;
	61	0	0	250.000000	-250.000000	0	100	0	0.000000	-0.000000	0	0	0	0	0	0	0	0	0	0	0;
];
