function mpc = powergrid
mpc.version = '2';
mpc.baseMVA = 100;
mpc.bus = [
	1	1	296.530171	195.084692	0	-400	1	0.965443	10.305483	130	1	1.100000	0.900000;
	2	1	45.801089	16.077495	0	0	1	1.020908	12.214061	130	1	1.100000	0.900000;
	3	1	488.885512	285.426208	0	0	1	0.947806	9.521926	130	1	1.100000	0.900000;
	4	1	75.622662	41.577641	0	0	1	1.013138	15.170882	130	1	1.100000	0.900000;
	5	1	167.219042	47.013804	0	0	1	1.004642	-6.920535	130	1	1.100000	0.900000;
	6	1	118.607155	65.080222	0	0	1	0.994740	1.487938	130	1	1.100000	0.900000;
	7	1	29.321216	10.425530	0	0	1	1.015628	-3.684027	130	1	1.100000	0.900000;
	8	1	417.318183	80.953004	0	0	1	1.041571	-5.773034	130	1	1.100000	0.900000;
	9	1	123.207936	50.216792	0	0	1	1.029169	-7.923781	130	1	1.100000	0.900000;
	10	1	151.383516	44.235366	0	0	1	1.050855	5.913671	220	1	1.100000	0.900000;
	11	1	27.255641	17.644040	0	0	1	1.013334	14.145146	220	1	1.100000	0.900000;
	12	1	81.528414	42.926996	0	-400	1	0.953783	22.059306	400	1	1.100000	0.900000;
	13	1	553.451302	150.641991	0	0	1	0.995782	28.475488	400	1	1.100000	0.900000;
	14	1	414.637989	160.435097	0	0	1	1.064413	-5.431730	400	1	1.100000	0.900000;
	15	1	189.172412	21.404551	0	0	1	1.087023	-2.647813	400	1	1.100000	0.900000;
	16	1	7.606403	4.837116	0	0	1	1.038561	-3.823630	400	1	1.100000	0.900000;
	17	1	91.594303	66.233983	0	0	1	1.029574	-3.353317	400	1	1.100000	0.900000;
	18	1	192.649490	46.287722	0	0	1	1.020452	-1.926202	400	1	1.100000	0.900000;
	19	1	696.321268	485.006651	0	0	1	0.973022	-10.235339	400	1	1.100000	0.900000;
	20	1	299.817093	-181.940356	0	0	1	1.054942	-16.172370	400	1	1.100000	0.900000;
	21	1	516.322173	230.694822	0	0	1	1.013354	-17.605862	400	1	1.100000	0.900000;
	22	1	756.946581	223.090831	0	0	1	0.993438	-19.617534	400	1	1.100000	0.900000;
	23	1	0	0	0	-100	1	0.917438	12.669065	400	1	1.100000	0.900000;
	24	1	0	0	0	0	1	0.986326	10.999198	130	1	1.100000	0.900000;
	25	1	0	0	0	0	1	1.003492	28.252499	130	1	1.100000	0.900000;
	26	1	0	0	0	0	1	0.907448	11.886550	400	1	1.100000	0.900000;
	27	1	0	0	0	0	1	1.040264	5.173417	400	1	1.100000	0.900000;
	28	1	0	0	0	0	1	0.968077	11.670914	400	1	1.100000	0.900000;
	29	1	0	0	0	0	1	1.047566	2.598361	400	1	1.100000	0.900000;
	30	1	0	0	0	0	1	1.039300	-7.290391	400	1	1.100000	0.900000;
	31	1	0	0	0	0	1	1.022399	4.896922	400	1	1.100000	0.900000;
	32	1	0	0	0	0	1	1.060587	-14.252228	400	1	1.100000	0.900000;
	33	1	0	0	0	0	1	1.060587	-14.252228	400	1	1.100000	0.900000;
	34	1	0	0	0	0	1	1.083754	-5.575494	400	1	1.100000	0.900000;
	35	1	0	0	0	0	1	1.014548	-9.677957	400	1	1.100000	0.900000;
	36	1	0	0	0	0	1	1.051493	-5.133424	400	1	1.100000	0.900000;
	37	1	0	0	0	0	1	1.034749	-7.797177	400	1	1.100000	0.900000;
	38	2	0	0	0	0	1	0	12.214061	15	1	1.100000	0.900000;
	39	2	0	0	0	0	1	1	15.426337	15	1	1.100000	0.900000;
	40	2	0	0	0	0	1	0	10.999198	15	1	1.100000	0.900000;
	41	2	0	0	0	0	1	1	31.501599	15	1	1.100000	0.900000;
	42	2	0	0	0	0	1	1	28.516709	15	1	1.100000	0.900000;
	43	2	0	0	0	0	1	1	7.112850	15	1	1.100000	0.900000;
	44	2	0	0	0	0	1	1	9.553535	15	1	1.100000	0.900000;
	45	2	0	0	0	0	1	1	17.662141	15	1	1.100000	0.900000;
	46	2	0	0	0	0	1	0	11.886550	15	1	1.100000	0.900000;
	47	2	0	0	0	0	1	0	12.669065	15	1	1.100000	0.900000;
	48	2	0	0	0	0	1	1	10.551424	15	1	1.100000	0.900000;
	49	2	0	0	0	0	1	1	18.844201	15	1	1.100000	0.900000;
	50	2	0	0	0	0	1	0	-5.431730	15	1	1.100000	0.900000;
	51	2	0	0	0	0	1	0	-2.647813	15	1	1.100000	0.900000;
	52	3	0	0	0	0	1	1	0	15	1	1.000000	1.000000;
	53	2	0	0	0	0	1	1	3.556539	15	1	1.100000	0.900000;
	54	2	0	0	0	0	1	0	-10.235339	15	1	1.100000	0.900000;
	55	2	0	0	0	0	1	1	-4.484345	15	1	1.100000	0.900000;
	56	2	0	0	0	0	1	1	-12.084598	15	1	1.100000	0.900000;
	57	2	0	0	0	0	1	1	-13.985231	15	1	1.100000	0.900000;
	58	2	0	0	0	0	1	1	-17.872046	15	1	1.100000	0.900000;
	59	2	0	0	0	0	1	0	22.059306	15	1	1.100000	0.900000;
	60	2	0	0	0	0	1	1	30.941615	15	1	1.100000	0.900000;
	61	2	0	0	0	0	1	0	-6.920535	15	1	1.100000	0.900000;
];
mpc.gen = [
	52	0	0	1840.000000	-540.000000	1	1	1	2800.000000	10.000000	0	0	0	0	0	0	0	0	0	0	0;
	38	0	0	720.000000	-720.000000	0	100	0	720.000000	10.000000	0	0	0	0	0	0	0	0	0	0	0;
	39	390.000000	0	540.000000	-540.000000	1	100	1	540.000000	10.000000	0	0	0	0	0	0	0	0	0	0	0;
	40	0	0	630.000000	-630.000000	0	100	0	630.000000	10.000000	0	0	0	0	0	0	0	0	0	0	0;
	41	227.500000	0	540.000000	-540.000000	1	100	1	540.000000	10.000000	0	0	0	0	0	0	0	0	0	0	0;
	42	389.767661	0	325.000000	-225.000000	1	100	1	475.000000	10.000000	0	0	0	0	0	0	0	0	0	0	0;
	43	259.999999	0	560.000000	-360.000000	1	100	1	560.000000	10.000000	0	0	0	0	0	0	0	0	0	0	0;
	44	310.090152	0	360.000000	-280.000000	1	100	1	380.000000	10.000000	0	0	0	0	0	0	0	0	0	0	0;
	45	352.255640	0	965.000000	-765.000000	1	100	1	965.000000	10.000000	0	0	0	0	0	0	0	0	0	0	0;
	46	0	0	900.000000	-900.000000	0	100	0	900.000000	10.000000	0	0	0	0	0	0	0	0	0	0	0;
	47	0	0	720.000000	-720.000000	0	100	0	720.000000	10.000000	0	0	0	0	0	0	0	0	0	0	0;
	48	195.000000	0	570.000000	-370.000000	1	100	1	570.000000	10.000000	0	0	0	0	0	0	0	0	0	0	0;
	49	575.000000	0	515.000000	-415.000000	1	100	1	575.000000	10.000000	0	0	0	0	0	0	0	0	0	0	0;
	50	0	0	570.000000	-570.000000	0	100	0	0.000000	-0.000000	0	0	0	0	0	0	0	0	0	0	0;
	51	0	0	630.000000	-630.000000	0	100	0	630.000000	10.000000	0	0	0	0	0	0	0	0	0	0	0;
	53	390.000000	0	580.000000	-540.000000	1	100	1	540.000000	10.000000	0	0	0	0	0	0	0	0	0	0	0;
	54	0	0	630.000000	-630.000000	0	100	0	630.000000	10.000000	0	0	0	0	0	0	0	0	0	0	0;
	55	455.000000	0	630.000000	-630.000000	1	100	1	630.000000	10.000000	0	0	0	0	0	0	0	0	0	0	0;
	56	390.000000	0	540.000000	-540.000000	1	100	1	540.000000	10.000000	0	0	0	0	0	0	0	0	0	0	0;
	57	390.000000	0	540.000000	-540.000000	1	100	1	540.000000	10.000000	0	0	0	0	0	0	0	0	0	0	0;
	58	121.039726	0	540.000000	-540.000000	1	100	1	540.000000	10.000000	0	0	0	0	0	0	0	0	0	0	0;
	59	0	0	520.000000	-450.000000	0	100	0	560.000000	10.000000	0	0	0	0	0	0	0	0	0	0	0;
	60	1285.546376	0	4000.000000	-2050.000000	1	100	1	4500.000000	10.000000	0	0	0	0	0	0	0	0	0	0	0;
	61	0	0	250.000000	-250.000000	0	100	0	0.000000	-0.000000	0	0	0	0	0	0	0	0	0	0	0;
];
