function mpc = powergrid
mpc.version = '2';
mpc.baseMVA = 100;
mpc.bus = [
	1	1	101.077577	21.531861	0	-400	1	1.032185	10.768147	130	1	1.100000	0.900000;
	2	1	74.153559	29.433522	0	0	1	1.062815	10.877553	130	1	1.100000	0.900000;
	3	1	379.616387	213.267882	0	0	1	0.988830	6.635865	130	1	1.100000	0.900000;
	4	1	2.963955	-2.151407	0	0	1	1.037043	9.900832	130	1	1.100000	0.900000;
	5	1	258.072020	146.284644	0	0	1	0.894303	-18.357076	130	1	1.100000	0.900000;
	6	1	58.426105	-28.335457	0	0	1	1.007234	-2.484972	130	1	1.100000	0.900000;
	7	1	300.326799	181.349120	0	0	1	0.915391	-14.532041	130	1	1.100000	0.900000;
	8	1	231.145364	34.466931	0	0	1	0.998700	-12.351976	130	1	1.100000	0.900000;
	9	1	304.003774	146.531110	0	0	1	0.979944	-16.117496	130	1	1.100000	0.900000;
	10	1	141.523962	100.992775	0	0	1	1.037962	-2.677524	220	1	1.100000	0.900000;
	11	1	268.936325	-192.106190	0	0	1	1.033750	4.249566	220	1	1.100000	0.900000;
	12	1	72.274973	47.144972	0	-400	1	0.982569	21.630128	400	1	1.100000	0.900000;
	13	1	557.634004	256.598867	0	0	1	0.998348	25.338365	400	1	1.100000	0.900000;
	14	1	616.611970	355.207085	0	0	1	1.021837	-14.300036	400	1	1.100000	0.900000;
	15	1	184.754792	93.159291	0	0	1	1.027937	-7.725073	400	1	1.100000	0.900000;
	16	1	103.989579	19.807043	0	0	1	1.011942	-9.497746	400	1	1.100000	0.900000;
	17	1	14.492865	7.715357	0	0	1	1.007227	-8.798548	400	1	1.100000	0.900000;
	18	1	626.985461	222.709147	0	0	1	0.995151	-7.605709	400	1	1.100000	0.900000;
	19	1	985.012551	598.007663	0	0	1	0.958704	-15.933243	400	1	1.100000	0.900000;
	20	1	161.369268	-96.939444	0	0	1	1.065530	-24.200559	400	1	1.100000	0.900000;
	21	1	1249.097105	-353.781721	0	0	1	1.059606	-26.513012	400	1	1.100000	0.900000;
	22	1	64.850128	-41.995499	0	0	1	1.036799	-23.271068	400	1	1.100000	0.900000;
	23	1	0	0	0	-100	1	0.957366	11.681530	400	1	1.100000	0.900000;
	24	1	0	0	0	0	1	1.014743	8.230393	130	1	1.100000	0.900000;
	25	1	0	0	0	0	1	1.040191	9.874744	130	1	1.100000	0.900000;
	26	1	0	0	0	0	1	0.959891	12.114746	400	1	1.100000	0.900000;
	27	1	0	0	0	0	1	1.036368	-1.274326	400	1	1.100000	0.900000;
	28	1	0	0	0	0	1	0.983709	6.926250	400	1	1.100000	0.900000;
	29	1	0	0	0	0	1	1.024496	-4.836549	400	1	1.100000	0.900000;
	30	1	0	0	0	0	1	0.948225	-12.230727	400	1	1.100000	0.900000;
	31	1	0	0	0	0	1	1.006670	-3.539070	400	1	1.100000	0.900000;
	32	1	0	0	0	0	1	1.001273	-24.065555	400	1	1.100000	0.900000;
	33	1	0	0	0	0	1	1.001273	-24.065555	400	1	1.100000	0.900000;
	34	1	0	0	0	0	1	0.996233	-9.699789	400	1	1.100000	0.900000;
	35	1	0	0	0	0	1	0.963499	-15.973524	400	1	1.100000	0.900000;
	36	1	0	0	0	0	1	1.010951	-11.721324	400	1	1.100000	0.900000;
	37	1	0	0	0	0	1	0.994656	-15.229453	400	1	1.100000	0.900000;
	38	2	0	0	0	0	1	0	10.877553	15	1	1.100000	0.900000;
	39	2	0	0	0	0	1	1	7.131603	15	1	1.100000	0.900000;
	40	2	0	0	0	0	1	0	8.230393	15	1	1.100000	0.900000;
	41	2	0	0	0	0	1	0	9.874744	15	1	1.100000	0.900000;
	42	2	0	0	0	0	1	1	25.852106	15	1	1.100000	0.900000;
	43	2	0	0	0	0	1	1	3.069942	15	1	1.100000	0.900000;
	44	2	0	0	0	0	1	1	3.608101	15	1	1.100000	0.900000;
	45	2	0	0	0	0	1	1	9.661545	15	1	1.100000	0.900000;
	46	2	0	0	0	0	1	1	17.944566	15	1	1.100000	0.900000;
	47	2	0	0	0	0	1	0	11.681530	15	1	1.100000	0.900000;
	48	2	0	0	0	0	1	0	-1.274326	15	1	1.100000	0.900000;
	49	2	0	0	0	0	1	1	-1.173558	15	1	1.100000	0.900000;
	50	2	0	0	0	0	1	0	-14.300036	15	1	1.100000	0.900000;
	51	2	0	0	0	0	1	1	-2.282269	15	1	1.100000	0.900000;
	52	3	0	0	0	0	1	1	0	15	1	1.000000	1.000000;
	53	2	0	0	0	0	1	1	-1.983130	15	1	1.100000	0.900000;
	54	2	0	0	0	0	1	1	-10.096063	15	1	1.100000	0.900000;
	55	2	0	0	0	0	1	1	-10.096063	15	1	1.100000	0.900000;
	56	2	0	0	0	0	1	1	-21.233452	15	1	1.100000	0.900000;
	57	2	0	0	0	0	1	1	-17.875029	15	1	1.100000	0.900000;
	58	2	0	0	0	0	1	1	-22.297155	15	1	1.100000	0.900000;
	59	2	0	0	0	0	1	1	27.324944	15	1	1.100000	0.900000;
	60	2	0	0	0	0	1	1	27.228882	15	1	1.100000	0.900000;
	61	2	0	0	0	0	1	0	-18.357076	15	1	1.100000	0.900000;
];
mpc.gen = [
	52	0	0	1840.000000	-540.000000	1	1	1	2800.000000	10.000000	0	0	0	0	0	0	0	0	0	0	0;
	38	0	0	720.000000	-720.000000	0	100	0	720.000000	10.000000	0	0	0	0	0	0	0	0	0	0	0;
	39	34.222016	0	540.000000	-540.000000	1	100	1	540.000000	10.000000	0	0	0	0	0	0	0	0	0	0	0;
	40	0	0	630.000000	-630.000000	0	100	0	630.000000	10.000000	0	0	0	0	0	0	0	0	0	0	0;
	41	0	0	540.000000	-540.000000	0	100	0	540.000000	10.000000	0	0	0	0	0	0	0	0	0	0	0;
	42	474.999999	0	325.000000	-225.000000	1	100	1	475.000000	10.000000	0	0	0	0	0	0	0	0	0	0	0;
	43	260.000000	0	560.000000	-360.000000	1	100	1	560.000000	10.000000	0	0	0	0	0	0	0	0	0	0	0;
	44	380.000000	0	360.000000	-280.000000	1	100	1	380.000000	10.000000	0	0	0	0	0	0	0	0	0	0	0;
	45	552.500000	0	965.000000	-765.000000	1	100	1	965.000000	10.000000	0	0	0	0	0	0	0	0	0	0	0;
	46	650.000000	0	900.000000	-900.000000	1	100	1	900.000000	10.000000	0	0	0	0	0	0	0	0	0	0	0;
	47	0	0	720.000000	-720.000000	0	100	0	720.000000	10.000000	0	0	0	0	0	0	0	0	0	0	0;
	48	0	0	570.000000	-370.000000	0	100	0	570.000000	10.000000	0	0	0	0	0	0	0	0	0	0	0;
	49	96.949301	0	515.000000	-415.000000	1	100	1	575.000000	10.000000	0	0	0	0	0	0	0	0	0	0	0;
	50	0	0	570.000000	-570.000000	0	100	0	0.000000	-0.000000	0	0	0	0	0	0	0	0	0	0	0;
	51	454.999999	0	630.000000	-630.000000	1	100	1	630.000000	10.000000	0	0	0	0	0	0	0	0	0	0	0;
	53	390.000000	0	580.000000	-540.000000	1	100	1	540.000000	10.000000	0	0	0	0	0	0	0	0	0	0	0;
	54	455.000000	0	630.000000	-630.000000	1	100	1	630.000000	10.000000	0	0	0	0	0	0	0	0	0	0	0;
	55	455.000000	0	630.000000	-630.000000	1	100	1	630.000000	10.000000	0	0	0	0	0	0	0	0	0	0	0;
	56	390.000000	0	540.000000	-540.000000	1	100	1	540.000000	10.000000	0	0	0	0	0	0	0	0	0	0	0;
	57	390.000000	0	540.000000	-540.000000	1	100	1	540.000000	10.000000	0	0	0	0	0	0	0	0	0	0	0;
	58	70.490550	0	540.000000	-540.000000	1	100	1	540.000000	10.000000	0	0	0	0	0	0	0	0	0	0	0;
	59	325.000000	0	520.000000	-450.000000	1	100	1	560.000000	10.000000	0	0	0	0	0	0	0	0	0	0	0;
	60	988.156661	0	4000.000000	-2050.000000	1	100	1	4500.000000	10.000000	0	0	0	0	0	0	0	0	0	0	0;
	61	0	0	250.000000	-250.000000	0	100	0	0.000000	-0.000000	0	0	0	0	0	0	0	0	0	0	0;
];
