function mpc = powergrid
mpc.version = '2';
mpc.baseMVA = 100;
mpc.bus = [
	1	1	87.065235	37.956844	0	-400	1	1.013370	14.553246	130	1	1.100000	0.900000;
	2	1	687.711159	255.127813	0	0	1	1.021148	11.810949	130	1	1.100000	0.900000;
	3	1	312.208487	165.175015	0	0	1	0.988054	17.286984	130	1	1.100000	0.900000;
	4	1	564.241523	417.632985	0	0	1	0.954692	7.478282	130	1	1.100000	0.900000;
	5	1	158.644913	96.815018	0	0	1	1.001201	-10.672797	130	1	1.100000	0.900000;
	6	1	197.929172	17.800427	0	0	1	1.011515	-6.979857	130	1	1.100000	0.900000;
	7	1	58.238392	37.364365	0	0	1	1.012206	-6.936617	130	1	1.100000	0.900000;
	8	1	44.457262	10.128967	0	0	1	1.052865	-9.400216	130	1	1.100000	0.900000;
	9	1	165.482818	61.951117	0	0	1	1.057540	-13.037151	130	1	1.100000	0.900000;
	10	1	167.088045	114.992124	0	0	1	1.049943	-3.285573	220	1	1.100000	0.900000;
	11	1	60.460766	29.771571	0	0	1	1.033892	-4.632576	220	1	1.100000	0.900000;
	12	1	983.327285	647.653142	0	-400	1	0.920469	17.970529	400	1	1.100000	0.900000;
	13	1	408.720416	42.071642	0	0	1	0.992508	26.137999	400	1	1.100000	0.900000;
	14	1	459.996394	232.841959	0	0	1	1.073825	-11.517692	400	1	1.100000	0.900000;
	15	1	12.727461	4.761453	0	0	1	1.057598	-5.950744	400	1	1.100000	0.900000;
	16	1	219.354253	36.771130	0	0	1	1.038892	-9.072837	400	1	1.100000	0.900000;
	17	1	591.495003	213.447097	0	0	1	1.016054	-10.299905	400	1	1.100000	0.900000;
	18	1	159.531809	35.464350	0	0	1	1.015903	-7.408369	400	1	1.100000	0.900000;
	19	1	497.603336	-345.931131	0	0	1	1.067825	-21.300513	400	1	1.100000	0.900000;
	20	1	784.850150	-307.077418	0	0	1	1.121583	-21.797757	400	1	1.100000	0.900000;
	21	1	51.830012	16.457938	0	0	1	1.092918	-18.456003	400	1	1.100000	0.900000;
	22	1	132.462365	70.618307	0	0	1	1.096075	-19.433275	400	1	1.100000	0.900000;
	23	1	0	0	0	-100	1	0.936375	13.789979	400	1	1.100000	0.900000;
	24	1	0	0	0	0	1	1.002133	17.858910	130	1	1.100000	0.900000;
	25	1	0	0	0	0	1	0.992623	18.894376	130	1	1.100000	0.900000;
	26	1	0	0	0	0	1	0.942964	14.399358	400	1	1.100000	0.900000;
	27	1	0	0	0	0	1	1.046612	0.481859	400	1	1.100000	0.900000;
	28	1	0	0	0	0	1	0.942321	6.787119	400	1	1.100000	0.900000;
	29	1	0	0	0	0	1	1.041461	-3.119564	400	1	1.100000	0.900000;
	30	1	0	0	0	0	1	0.986575	-10.211020	400	1	1.100000	0.900000;
	31	1	0	0	0	0	1	1.015849	-1.886909	400	1	1.100000	0.900000;
	32	1	0	0	0	0	1	1.077536	-19.464924	400	1	1.100000	0.900000;
	33	1	0	0	0	0	1	1.077536	-19.464924	400	1	1.100000	0.900000;
	34	1	0	0	0	0	1	1.032175	-7.752722	400	1	1.100000	0.900000;
	35	1	0	0	0	0	1	1.027270	-13.329609	400	1	1.100000	0.900000;
	36	1	0	0	0	0	1	1.060427	-9.610981	400	1	1.100000	0.900000;
	37	1	0	0	0	0	1	1.066426	-12.852925	400	1	1.100000	0.900000;
	38	2	0	0	0	0	1	0	11.810949	15	1	1.100000	0.900000;
	39	2	0	0	0	0	1	1	22.950080	15	1	1.100000	0.900000;
	40	2	0	0	0	0	1	1	21.241585	15	1	1.100000	0.900000;
	41	2	0	0	0	0	1	1	21.662005	15	1	1.100000	0.900000;
	42	2	0	0	0	0	1	1	24.847360	15	1	1.100000	0.900000;
	43	2	0	0	0	0	1	1	-1.448525	15	1	1.100000	0.900000;
	44	2	0	0	0	0	1	1	9.416905	15	1	1.100000	0.900000;
	45	2	0	0	0	0	1	0	-4.632576	15	1	1.100000	0.900000;
	46	2	0	0	0	0	1	1	20.334197	15	1	1.100000	0.900000;
	47	2	0	0	0	0	1	1	19.766731	15	1	1.100000	0.900000;
	48	2	0	0	0	0	1	0	0.481859	15	1	1.100000	0.900000;
	49	2	0	0	0	0	1	1	12.152134	15	1	1.100000	0.900000;
	50	2	0	0	0	0	1	0	-11.517692	15	1	1.100000	0.900000;
	51	2	0	0	0	0	1	1	-0.661026	15	1	1.100000	0.900000;
	52	3	0	0	0	0	1	1	0	15	1	1.000000	1.000000;
	53	2	0	0	0	0	1	1	-5.686504	15	1	1.100000	0.900000;
	54	2	0	0	0	0	1	1	-20.300700	15	1	1.100000	0.900000;
	55	2	0	0	0	0	1	0	-21.300513	15	1	1.100000	0.900000;
	56	2	0	0	0	0	1	1	-13.337804	15	1	1.100000	0.900000;
	57	2	0	0	0	0	1	0	-19.433275	15	1	1.100000	0.900000;
	58	2	0	0	0	0	1	0	-19.433275	15	1	1.100000	0.900000;
	59	2	0	0	0	0	1	1	24.050946	15	1	1.100000	0.900000;
	60	2	0	0	0	0	1	1	28.676159	15	1	1.100000	0.900000;
	61	2	0	0	0	0	1	0	-10.672797	15	1	1.100000	0.900000;
];
mpc.gen = [
	52	0	0	1840.000000	-540.000000	1	1	1	2800.000000	10.000000	0	0	0	0	0	0	0	0	0	0	0;
	38	0	0	720.000000	-720.000000	0	100	0	720.000000	10.000000	0	0	0	0	0	0	0	0	0	0	0;
	39	390.000000	0	540.000000	-540.000000	1	100	1	540.000000	10.000000	0	0	0	0	0	0	0	0	0	0	0;
	40	275.936276	0	630.000000	-630.000000	1	100	1	630.000000	10.000000	0	0	0	0	0	0	0	0	0	0	0;
	41	191.716938	0	540.000000	-540.000000	1	100	1	540.000000	10.000000	0	0	0	0	0	0	0	0	0	0	0;
	42	475.000000	0	325.000000	-225.000000	1	100	1	475.000000	10.000000	0	0	0	0	0	0	0	0	0	0	0;
	43	260.000000	0	560.000000	-360.000000	1	100	1	560.000000	10.000000	0	0	0	0	0	0	0	0	0	0	0;
	44	380.000000	0	360.000000	-280.000000	1	100	1	380.000000	10.000000	0	0	0	0	0	0	0	0	0	0	0;
	45	0	0	965.000000	-765.000000	0	100	0	965.000000	10.000000	0	0	0	0	0	0	0	0	0	0	0;
	46	650.000000	0	900.000000	-900.000000	1	100	1	900.000000	10.000000	0	0	0	0	0	0	0	0	0	0	0;
	47	520.000000	0	720.000000	-720.000000	1	100	1	720.000000	10.000000	0	0	0	0	0	0	0	0	0	0	0;
	48	0	0	570.000000	-370.000000	0	100	0	570.000000	10.000000	0	0	0	0	0	0	0	0	0	0	0;
	49	575.000000	0	515.000000	-415.000000	1	100	1	575.000000	10.000000	0	0	0	0	0	0	0	0	0	0	0;
	50	0	0	570.000000	-570.000000	0	100	0	0.000000	-0.000000	0	0	0	0	0	0	0	0	0	0	0;
	51	455.000000	0	630.000000	-630.000000	1	100	1	630.000000	10.000000	0	0	0	0	0	0	0	0	0	0	0;
	53	122.102135	0	580.000000	-540.000000	1	100	1	540.000000	10.000000	0	0	0	0	0	0	0	0	0	0	0;
	54	86.950493	0	630.000000	-630.000000	1	100	1	630.000000	10.000000	0	0	0	0	0	0	0	0	0	0	0;
	55	0	0	630.000000	-630.000000	0	100	0	630.000000	10.000000	0	0	0	0	0	0	0	0	0	0	0;
	56	390.000000	0	540.000000	-540.000000	1	100	1	540.000000	10.000000	0	0	0	0	0	0	0	0	0	0	0;
	57	0	0	540.000000	-540.000000	0	100	0	540.000000	10.000000	0	0	0	0	0	0	0	0	0	0	0;
	58	0	0	540.000000	-540.000000	0	100	0	540.000000	10.000000	0	0	0	0	0	0	0	0	0	0	0;
	59	325.000000	0	520.000000	-450.000000	1	100	1	560.000000	10.000000	0	0	0	0	0	0	0	0	0	0	0;
	60	1318.720416	0	4000.000000	-2050.000000	1	100	1	4500.000000	10.000000	0	0	0	0	0	0	0	0	0	0	0;
	61	0	0	250.000000	-250.000000	0	100	0	0.000000	-0.000000	0	0	0	0	0	0	0	0	0	0	0;
];
